Date,Open,High,Low,Close,Adj Close,Volume,Company Name
2002-07-01,66.9000015258789,73.4000015258789,66.9000015258789,72.1500015258789,72.1500015258789,386411,BPL Limited
2002-07-02,72.0,73.5999984741211,70.1500015258789,70.94999694824219,70.94999694824219,312871,BPL Limited
2002-07-03,71.5,72.5,69.69999694824219,70.55000305175781,70.55000305175781,159069,BPL Limited
2002-07-04,71.69999694824219,74.5,70.0999984741211,73.6500015258789,73.6500015258789,214393,BPL Limited
2002-07-05,75.0,85.4000015258789,74.5,83.75,83.75,714568,BPL Limited
2002-07-08,84.9000015258789,86.80000305175781,82.0,82.75,82.75,488601,BPL Limited
2002-07-09,83.0999984741211,84.0,80.0999984741211,80.75,80.75,148408,BPL Limited
2002-07-10,81.4000015258789,81.4000015258789,76.5,77.75,77.75,93052,BPL Limited
2002-07-11,78.0,80.6500015258789,75.05000305175781,75.44999694824219,75.44999694824219,230346,BPL Limited
2002-07-12,76.0,78.0,73.05000305175781,74.3499984741211,74.3499984741211,112481,BPL Limited
2002-07-15,75.25,75.3499984741211,70.0,71.75,71.75,83854,BPL Limited
2002-07-16,70.0,72.9000015258789,68.80000305175781,69.80000305175781,69.80000305175781,99679,BPL Limited
2002-07-17,69.4000015258789,71.0999984741211,68.0,68.8499984741211,68.8499984741211,66132,BPL Limited
2002-07-18,69.5,72.1500015258789,69.30000305175781,69.55000305175781,69.55000305175781,77854,BPL Limited
2002-07-19,69.69999694824219,69.69999694824219,67.0999984741211,67.69999694824219,67.69999694824219,45607,BPL Limited
2002-07-22,66.0,67.0,63.29999923706055,63.75,63.75,45468,BPL Limited
2002-07-23,62.75,65.9000015258789,61.59999847412109,64.6500015258789,64.6500015258789,75318,BPL Limited
2002-07-24,62.09999847412109,64.30000305175781,62.09999847412109,63.0,63.0,30422,BPL Limited
2002-07-25,65.69999694824219,65.69999694824219,61.04999923706055,61.5,61.5,73789,BPL Limited
2002-07-26,59.5,60.59999847412109,56.0,56.45000076293945,56.45000076293945,56196,BPL Limited
2002-07-29,56.59999847412109,57.20000076293945,52.900001525878906,55.04999923706055,55.04999923706055,84084,BPL Limited
2002-07-30,56.0,57.5,54.0,54.70000076293945,54.70000076293945,40688,BPL Limited
2002-07-31,53.09999847412109,54.900001525878906,51.59999847412109,53.75,53.75,50364,BPL Limited
2002-08-01,53.5,54.45000076293945,43.150001525878906,53.34999847412109,53.34999847412109,73422,BPL Limited
2002-08-02,52.95000076293945,53.34999847412109,52.09999847412109,52.54999923706055,52.54999923706055,24079,BPL Limited
2002-08-05,53.900001525878906,55.5,53.20000076293945,54.5,54.5,36771,BPL Limited
2002-08-06,54.0,57.20000076293945,53.59999847412109,56.5,56.5,48179,BPL Limited
2002-08-07,59.0,59.0,56.79999923706055,57.150001525878906,57.150001525878906,46488,BPL Limited
2002-08-08,58.04999923706055,58.04999923706055,54.54999923706055,55.09999847412109,55.09999847412109,27072,BPL Limited
2002-08-09,55.5,55.70000076293945,54.0,54.70000076293945,54.70000076293945,22487,BPL Limited
2002-08-12,55.84999847412109,56.0,55.0,55.75,55.75,16048,BPL Limited
2002-08-13,56.79999923706055,56.79999923706055,55.59999847412109,55.95000076293945,55.95000076293945,6026,BPL Limited
2002-08-14,56.0,56.25,54.150001525878906,55.95000076293945,55.95000076293945,8258,BPL Limited
2002-08-15,55.95000076293945,55.95000076293945,55.95000076293945,55.95000076293945,55.95000076293945,0,BPL Limited
2002-08-16,57.0,57.0,53.59999847412109,53.95000076293945,53.95000076293945,30162,BPL Limited
2002-08-19,54.79999923706055,54.95000076293945,54.150001525878906,54.400001525878906,54.400001525878906,8775,BPL Limited
2002-08-20,55.75,55.75,54.400001525878906,55.150001525878906,55.150001525878906,12817,BPL Limited
2002-08-21,55.900001525878906,56.29999923706055,54.0,54.25,54.25,17169,BPL Limited
2002-08-22,55.0,56.900001525878906,53.79999923706055,54.150001525878906,54.150001525878906,68065,BPL Limited
2002-08-23,54.95000076293945,55.45000076293945,54.25,54.59999847412109,54.59999847412109,20615,BPL Limited
2002-08-26,55.0,55.59999847412109,54.150001525878906,54.5,54.5,11048,BPL Limited
2002-08-27,54.95000076293945,54.95000076293945,51.0,52.20000076293945,52.20000076293945,31721,BPL Limited
2002-08-28,52.150001525878906,53.0,52.09999847412109,52.900001525878906,52.900001525878906,24061,BPL Limited
2002-08-29,52.650001525878906,52.75,50.20000076293945,50.75,50.75,32140,BPL Limited
2002-08-30,51.650001525878906,51.75,50.900001525878906,51.5,51.5,17199,BPL Limited
2002-09-02,52.09999847412109,52.95000076293945,51.09999847412109,51.45000076293945,51.45000076293945,27703,BPL Limited
2002-09-03,52.0,52.0,50.79999923706055,51.09999847412109,51.09999847412109,22177,BPL Limited
2002-09-04,50.20000076293945,52.5,50.150001525878906,50.34999847412109,50.34999847412109,21488,BPL Limited
2002-09-05,51.09999847412109,51.70000076293945,50.79999923706055,51.04999923706055,51.04999923706055,12299,BPL Limited
2002-09-06,48.70000076293945,51.95000076293945,48.70000076293945,50.150001525878906,50.150001525878906,10034,BPL Limited
2002-09-09,50.04999923706055,50.75,49.59999847412109,50.04999923706055,50.04999923706055,15404,BPL Limited
2002-09-10,50.04999923706055,50.04999923706055,50.04999923706055,50.04999923706055,50.04999923706055,0,BPL Limited
2002-09-11,50.5,51.25,50.0,50.900001525878906,50.900001525878906,13501,BPL Limited
2002-09-12,51.0,51.79999923706055,50.900001525878906,51.04999923706055,51.04999923706055,16464,BPL Limited
2002-09-13,51.0,51.59999847412109,50.54999923706055,50.75,50.75,15547,BPL Limited
2002-09-16,51.0,51.0,50.20000076293945,50.45000076293945,50.45000076293945,10560,BPL Limited
2002-09-17,50.79999923706055,50.95000076293945,49.75,50.0,50.0,13230,BPL Limited
2002-09-18,50.0,50.5,49.0,49.25,49.25,10369,BPL Limited
2002-09-19,49.0,49.95000076293945,48.5,48.84999847412109,48.84999847412109,7826,BPL Limited
2002-09-20,48.5,48.70000076293945,47.70000076293945,48.29999923706055,48.29999923706055,10642,BPL Limited
2002-09-23,48.5,49.34999847412109,48.0,48.20000076293945,48.20000076293945,11989,BPL Limited
2002-09-24,47.09999847412109,47.900001525878906,46.29999923706055,46.79999923706055,46.79999923706055,10707,BPL Limited
2002-09-25,46.5,47.34999847412109,46.20000076293945,46.650001525878906,46.650001525878906,8219,BPL Limited
2002-09-26,47.25,47.59999847412109,46.900001525878906,47.04999923706055,47.04999923706055,4946,BPL Limited
2002-09-27,47.09999847412109,47.29999923706055,46.5,46.900001525878906,46.900001525878906,3919,BPL Limited
2002-09-30,46.04999923706055,47.400001525878906,44.5,44.84999847412109,44.84999847412109,18063,BPL Limited
2002-10-01,44.5,46.400001525878906,44.09999847412109,46.150001525878906,46.150001525878906,12362,BPL Limited
2002-10-02,46.150001525878906,46.150001525878906,46.150001525878906,46.150001525878906,46.150001525878906,0,BPL Limited
2002-10-03,46.09999847412109,46.5,45.20000076293945,45.650001525878906,45.650001525878906,5462,BPL Limited
2002-10-04,46.09999847412109,46.09999847412109,45.0,45.25,45.25,9149,BPL Limited
2002-10-07,46.0,46.45000076293945,45.75,45.95000076293945,45.95000076293945,6121,BPL Limited
2002-10-08,46.0,46.5,45.5,45.95000076293945,45.95000076293945,8477,BPL Limited
2002-10-09,46.5,46.5,44.75,45.09999847412109,45.09999847412109,15265,BPL Limited
2002-10-10,45.59999847412109,45.59999847412109,44.45000076293945,44.650001525878906,44.650001525878906,6486,BPL Limited
2002-10-11,45.5,45.84999847412109,44.5,44.650001525878906,44.650001525878906,8245,BPL Limited
2002-10-14,45.150001525878906,45.400001525878906,44.75,44.900001525878906,44.900001525878906,8757,BPL Limited
2002-10-15,44.900001525878906,44.900001525878906,44.900001525878906,44.900001525878906,44.900001525878906,0,BPL Limited
2002-10-16,45.59999847412109,46.0,43.5,43.900001525878906,43.900001525878906,14490,BPL Limited
2002-10-17,44.0,44.45000076293945,43.70000076293945,43.900001525878906,43.900001525878906,10773,BPL Limited
2002-10-18,44.400001525878906,45.45000076293945,43.70000076293945,43.900001525878906,43.900001525878906,10495,BPL Limited
2002-10-21,44.25,44.84999847412109,43.400001525878906,43.59999847412109,43.59999847412109,21094,BPL Limited
2002-10-22,43.95000076293945,44.25,43.34999847412109,43.5,43.5,5384,BPL Limited
2002-10-23,43.900001525878906,43.95000076293945,42.95000076293945,43.20000076293945,43.20000076293945,4477,BPL Limited
2002-10-24,43.95000076293945,43.95000076293945,42.0,42.59999847412109,42.59999847412109,7829,BPL Limited
2002-10-25,43.0,43.0,42.25,42.54999923706055,42.54999923706055,7115,BPL Limited
2002-10-28,43.0,43.0,41.5,41.650001525878906,41.650001525878906,8424,BPL Limited
2002-10-29,39.20000076293945,42.59999847412109,39.20000076293945,42.150001525878906,42.150001525878906,6052,BPL Limited
2002-10-30,42.70000076293945,43.0,42.34999847412109,42.84999847412109,42.84999847412109,7933,BPL Limited
2002-10-31,43.0,43.0,42.59999847412109,42.900001525878906,42.900001525878906,7370,BPL Limited
2002-11-01,42.59999847412109,43.5,42.54999923706055,43.45000076293945,43.45000076293945,4507,BPL Limited
2002-11-04,44.0,44.75,43.95000076293945,44.59999847412109,44.59999847412109,4827,BPL Limited
2002-11-05,44.0,45.400001525878906,44.0,44.650001525878906,44.650001525878906,6151,BPL Limited
2002-11-06,44.650001525878906,44.650001525878906,44.650001525878906,44.650001525878906,44.650001525878906,0,BPL Limited
2002-11-07,45.0,45.75,44.5,44.79999923706055,44.79999923706055,14834,BPL Limited
2002-11-08,46.900001525878906,46.900001525878906,44.29999923706055,44.75,44.75,5276,BPL Limited
2002-11-11,44.5,44.95000076293945,43.59999847412109,43.84999847412109,43.84999847412109,4117,BPL Limited
2002-11-12,43.900001525878906,44.04999923706055,42.5,43.0,43.0,7925,BPL Limited
2002-11-13,43.400001525878906,43.45000076293945,42.75,42.900001525878906,42.900001525878906,3721,BPL Limited
2002-11-14,42.650001525878906,43.34999847412109,42.650001525878906,43.04999923706055,43.04999923706055,3539,BPL Limited
2002-11-15,43.150001525878906,44.0,42.0,43.34999847412109,43.34999847412109,9319,BPL Limited
2002-11-18,44.0,44.0,43.0,43.29999923706055,43.29999923706055,8257,BPL Limited
2002-11-19,43.29999923706055,43.29999923706055,43.29999923706055,43.29999923706055,43.29999923706055,0,BPL Limited
2002-11-20,44.0,45.5,43.59999847412109,45.150001525878906,45.150001525878906,17328,BPL Limited
2002-11-21,45.5,47.70000076293945,45.5,46.25,46.25,22000,BPL Limited
2002-11-22,46.09999847412109,47.5,46.09999847412109,46.900001525878906,46.900001525878906,13903,BPL Limited
2002-11-25,46.5,47.900001525878906,46.25,47.20000076293945,47.20000076293945,16850,BPL Limited
2002-11-26,47.45000076293945,48.150001525878906,47.04999923706055,47.150001525878906,47.150001525878906,13962,BPL Limited
2002-11-27,47.84999847412109,47.84999847412109,46.0,46.34999847412109,46.34999847412109,10636,BPL Limited
2002-11-28,45.95000076293945,46.650001525878906,45.79999923706055,46.34999847412109,46.34999847412109,13851,BPL Limited
2002-11-29,45.900001525878906,52.5,45.20000076293945,51.29999923706055,51.29999923706055,118601,BPL Limited
2002-12-02,52.0,52.900001525878906,51.150001525878906,51.650001525878906,51.650001525878906,50508,BPL Limited
2002-12-03,51.0,51.84999847412109,48.5,48.900001525878906,48.900001525878906,19242,BPL Limited
2002-12-04,45.95000076293945,49.45000076293945,44.650001525878906,48.5,48.5,10890,BPL Limited
2002-12-05,49.0,50.84999847412109,48.25,49.650001525878906,49.650001525878906,15778,BPL Limited
2002-12-06,49.09999847412109,50.20000076293945,49.09999847412109,49.400001525878906,49.400001525878906,10024,BPL Limited
2002-12-09,50.0,50.5,47.75,48.25,48.25,17817,BPL Limited
2002-12-10,46.150001525878906,48.0,46.150001525878906,47.45000076293945,47.45000076293945,12088,BPL Limited
2002-12-11,48.900001525878906,49.0,47.70000076293945,48.0,48.0,9426,BPL Limited
2002-12-12,48.70000076293945,48.70000076293945,46.25,47.29999923706055,47.29999923706055,8175,BPL Limited
2002-12-13,47.09999847412109,48.650001525878906,47.0,47.95000076293945,47.95000076293945,16942,BPL Limited
2002-12-16,48.0,51.20000076293945,47.45000076293945,48.25,48.25,59075,BPL Limited
2002-12-17,47.20000076293945,49.0,46.650001525878906,47.20000076293945,47.20000076293945,15724,BPL Limited
2002-12-18,48.150001525878906,48.150001525878906,46.84999847412109,47.0,47.0,11152,BPL Limited
2002-12-19,47.0,47.5,46.5,46.650001525878906,46.650001525878906,7574,BPL Limited
2002-12-20,46.29999923706055,47.5,45.70000076293945,46.09999847412109,46.09999847412109,12310,BPL Limited
2002-12-23,46.25,47.150001525878906,45.75,45.84999847412109,45.84999847412109,49407,BPL Limited
2002-12-24,46.04999923706055,46.04999923706055,45.5,45.75,45.75,14248,BPL Limited
2002-12-25,45.75,45.75,45.75,45.75,45.75,0,BPL Limited
2002-12-26,45.59999847412109,46.79999923706055,45.59999847412109,46.150001525878906,46.150001525878906,13589,BPL Limited
2002-12-27,47.150001525878906,47.400001525878906,45.400001525878906,45.45000076293945,45.45000076293945,43960,BPL Limited
2002-12-30,45.20000076293945,45.79999923706055,45.0,45.45000076293945,45.45000076293945,13804,BPL Limited
2002-12-31,45.20000076293945,47.09999847412109,45.20000076293945,46.400001525878906,46.400001525878906,30038,BPL Limited
2003-01-01,47.25,47.25,45.79999923706055,46.25,46.25,11243,BPL Limited
2003-01-02,46.0,46.34999847412109,45.34999847412109,45.650001525878906,45.650001525878906,6674,BPL Limited
2003-01-03,45.5,46.5,45.0,45.09999847412109,45.09999847412109,16829,BPL Limited
2003-01-06,44.900001525878906,45.20000076293945,44.25,44.75,44.75,11113,BPL Limited
2003-01-07,44.59999847412109,44.59999847412109,43.79999923706055,43.95000076293945,43.95000076293945,6820,BPL Limited
2003-01-08,44.0,44.45000076293945,43.75,43.95000076293945,43.95000076293945,5278,BPL Limited
2003-01-09,45.75,45.75,43.70000076293945,44.34999847412109,44.34999847412109,4772,BPL Limited
2003-01-10,44.29999923706055,44.400001525878906,43.20000076293945,43.59999847412109,43.59999847412109,11104,BPL Limited
2003-01-13,43.75,44.09999847412109,43.04999923706055,43.34999847412109,43.34999847412109,7125,BPL Limited
2003-01-14,43.70000076293945,43.95000076293945,42.79999923706055,43.0,43.0,7982,BPL Limited
2003-01-15,43.70000076293945,43.79999923706055,43.0,43.09999847412109,43.09999847412109,3101,BPL Limited
2003-01-16,43.20000076293945,43.5,43.0,43.20000076293945,43.20000076293945,7367,BPL Limited
2003-01-17,43.0,44.95000076293945,40.0,44.09999847412109,44.09999847412109,41159,BPL Limited
2003-01-20,44.20000076293945,45.5,43.09999847412109,43.54999923706055,43.54999923706055,19492,BPL Limited
2003-01-21,44.20000076293945,44.20000076293945,42.5,42.54999923706055,42.54999923706055,10769,BPL Limited
2003-01-22,42.95000076293945,43.79999923706055,42.5,42.650001525878906,42.650001525878906,10899,BPL Limited
2003-01-23,41.70000076293945,43.25,41.70000076293945,42.25,42.25,14076,BPL Limited
2003-01-24,44.0,45.95000076293945,41.650001525878906,42.09999847412109,42.09999847412109,33344,BPL Limited
2003-01-27,43.84999847412109,43.84999847412109,37.5,37.95000076293945,37.95000076293945,52161,BPL Limited
2003-01-28,38.59999847412109,39.5,37.0,39.20000076293945,39.20000076293945,28104,BPL Limited
2003-01-29,39.0,40.25,38.54999923706055,39.09999847412109,39.09999847412109,23484,BPL Limited
2003-01-30,39.0,39.75,38.25,38.34999847412109,38.34999847412109,6323,BPL Limited
2003-01-31,38.0,38.59999847412109,37.5,37.54999923706055,37.54999923706055,12330,BPL Limited
2003-02-03,38.20000076293945,38.70000076293945,37.5,38.20000076293945,38.20000076293945,19470,BPL Limited
2003-02-04,38.5,39.5,37.70000076293945,38.20000076293945,38.20000076293945,17332,BPL Limited
2003-02-05,38.650001525878906,38.650001525878906,37.25,37.5,37.5,11873,BPL Limited
2003-02-06,38.45000076293945,38.45000076293945,37.59999847412109,37.900001525878906,37.900001525878906,5553,BPL Limited
2003-02-07,38.25,38.25,37.25,37.84999847412109,37.84999847412109,7425,BPL Limited
2003-02-10,37.5,37.5,35.599998474121094,35.79999923706055,35.79999923706055,17414,BPL Limited
2003-02-11,35.599998474121094,35.900001525878906,34.04999923706055,34.45000076293945,34.45000076293945,14689,BPL Limited
2003-02-12,33.5,34.79999923706055,33.5,33.70000076293945,33.70000076293945,17282,BPL Limited
2003-02-13,33.70000076293945,33.70000076293945,33.70000076293945,33.70000076293945,33.70000076293945,0,BPL Limited
2003-02-14,33.099998474121094,34.25,32.849998474121094,33.0,33.0,14875,BPL Limited
2003-02-17,33.5,37.20000076293945,33.0,36.400001525878906,36.400001525878906,30887,BPL Limited
2003-02-18,37.45000076293945,37.45000076293945,35.0,35.099998474121094,35.099998474121094,13616,BPL Limited
2003-02-19,35.75,35.75,34.54999923706055,35.349998474121094,35.349998474121094,23737,BPL Limited
2003-02-20,35.0,35.400001525878906,34.5,34.650001525878906,34.650001525878906,6348,BPL Limited
2003-02-21,34.0,35.79999923706055,34.0,34.95000076293945,34.95000076293945,8957,BPL Limited
2003-02-24,35.45000076293945,35.5,35.0,35.20000076293945,35.20000076293945,11256,BPL Limited
2003-02-25,35.5,35.5,34.150001525878906,34.20000076293945,34.20000076293945,10501,BPL Limited
2003-02-26,34.0,34.5,33.79999923706055,33.849998474121094,33.849998474121094,8931,BPL Limited
2003-02-27,34.79999923706055,34.79999923706055,34.20000076293945,34.650001525878906,34.650001525878906,7643,BPL Limited
2003-02-28,38.900001525878906,38.900001525878906,34.150001525878906,34.70000076293945,34.70000076293945,36124,BPL Limited
2003-03-03,34.400001525878906,35.0,33.75,33.849998474121094,33.849998474121094,9892,BPL Limited
2003-03-04,34.0,34.0,33.099998474121094,33.29999923706055,33.29999923706055,10926,BPL Limited
2003-03-05,33.5,33.5,31.64999961853028,32.29999923706055,32.29999923706055,13873,BPL Limited
2003-03-06,32.0,32.20000076293945,30.0,30.950000762939453,30.950000762939453,22170,BPL Limited
2003-03-07,30.100000381469727,31.14999961853028,30.100000381469727,30.600000381469727,30.600000381469727,9976,BPL Limited
2003-03-10,30.5,30.700000762939453,29.299999237060547,29.549999237060547,29.549999237060547,38253,BPL Limited
2003-03-11,28.200000762939453,29.850000381469727,28.200000762939453,29.600000381469727,29.600000381469727,36397,BPL Limited
2003-03-12,29.200000762939453,30.14999961853028,29.200000762939453,29.39999961853028,29.39999961853028,33978,BPL Limited
2003-03-13,29.64999961853028,29.64999961853028,28.5,28.549999237060547,28.549999237060547,58135,BPL Limited
2003-03-14,28.549999237060547,28.549999237060547,28.549999237060547,28.549999237060547,28.549999237060547,0,BPL Limited
2003-03-17,28.75,28.950000762939453,28.0,28.600000381469727,28.600000381469727,98396,BPL Limited
2003-03-18,28.600000381469727,28.600000381469727,28.600000381469727,28.600000381469727,28.600000381469727,0,BPL Limited
2003-03-19,28.75,29.100000381469727,28.049999237060547,28.5,28.5,53320,BPL Limited
2003-03-20,28.25,29.299999237060547,28.25,28.950000762939453,28.950000762939453,8955,BPL Limited
2003-03-21,28.25,28.89999961853028,28.200000762939453,28.600000381469727,28.600000381469727,8346,BPL Limited
2003-03-24,29.0,29.0,26.700000762939453,27.100000381469727,27.100000381469727,12644,BPL Limited
2003-03-25,27.950000762939453,27.950000762939453,26.5,27.14999961853028,27.14999961853028,16137,BPL Limited
2003-03-26,26.64999961853028,27.100000381469727,25.5,26.0,26.0,12562,BPL Limited
2003-03-27,25.549999237060547,26.64999961853028,25.5,26.450000762939453,26.450000762939453,7939,BPL Limited
2003-03-28,26.0,26.5,25.64999961853028,26.0,26.0,9348,BPL Limited
2003-03-31,25.950000762939453,25.950000762939453,23.75,24.299999237060547,24.299999237060547,12650,BPL Limited
2003-04-01,24.700000762939453,25.25,24.450000762939453,24.75,24.75,6962,BPL Limited
2003-04-02,25.100000381469727,25.549999237060547,24.799999237060547,25.200000762939453,25.200000762939453,9592,BPL Limited
2003-04-03,26.0,26.850000381469727,25.799999237060547,26.14999961853028,26.14999961853028,15530,BPL Limited
2003-04-04,25.89999961853028,27.950000762939453,25.799999237060547,27.600000381469727,27.600000381469727,11616,BPL Limited
2003-04-07,27.100000381469727,29.64999961853028,26.100000381469727,28.14999961853028,28.14999961853028,23498,BPL Limited
2003-04-08,28.200000762939453,28.799999237060547,28.0,28.200000762939453,28.200000762939453,7934,BPL Limited
2003-04-09,28.0,28.450000762939453,27.049999237060547,27.5,27.5,10635,BPL Limited
2003-04-10,27.100000381469727,27.450000762939453,26.0,26.450000762939453,26.450000762939453,9860,BPL Limited
2003-04-11,26.14999961853028,27.0,26.0,26.549999237060547,26.549999237060547,7346,BPL Limited
2003-04-15,27.450000762939453,28.350000381469727,26.350000381469727,26.549999237060547,26.549999237060547,3953,BPL Limited
2003-04-16,26.450000762939453,26.850000381469727,25.39999961853028,25.799999237060547,25.799999237060547,9954,BPL Limited
2003-04-17,25.75,26.100000381469727,25.600000381469727,26.0,26.0,7345,BPL Limited
2003-04-18,26.0,26.0,26.0,26.0,26.0,0,BPL Limited
2003-04-21,24.5,26.100000381469727,24.5,24.89999961853028,24.89999961853028,17421,BPL Limited
2003-04-22,24.5,26.0,24.5,25.25,25.25,19471,BPL Limited
2003-04-23,25.950000762939453,25.950000762939453,24.14999961853028,24.39999961853028,24.39999961853028,11888,BPL Limited
2003-04-24,24.5,25.5,24.299999237060547,24.549999237060547,24.549999237060547,5584,BPL Limited
2003-04-25,24.75,24.75,23.75,23.950000762939453,23.950000762939453,13198,BPL Limited
2003-04-28,26.39999961853028,26.39999961853028,23.799999237060547,25.14999961853028,25.14999961853028,8343,BPL Limited
2003-04-29,25.64999961853028,25.64999961853028,24.549999237060547,24.700000762939453,24.700000762939453,8599,BPL Limited
2003-04-30,24.950000762939453,24.950000762939453,24.5,24.549999237060547,24.549999237060547,2820,BPL Limited
2003-05-01,24.549999237060547,24.549999237060547,24.549999237060547,24.549999237060547,24.549999237060547,0,BPL Limited
2003-05-02,24.5,24.950000762939453,22.64999961853028,23.25,23.25,30959,BPL Limited
2003-05-05,24.0,24.799999237060547,23.700000762939453,23.89999961853028,23.89999961853028,30130,BPL Limited
2003-05-06,24.600000381469727,24.600000381469727,23.64999961853028,23.850000381469727,23.850000381469727,18854,BPL Limited
2003-05-07,24.0,24.0,22.549999237060547,22.89999961853028,22.89999961853028,45786,BPL Limited
2003-05-08,23.850000381469727,23.850000381469727,22.89999961853028,23.0,23.0,19127,BPL Limited
2003-05-09,23.0,23.14999961853028,22.5,22.700000762939453,22.700000762939453,26393,BPL Limited
2003-05-12,23.5,23.5,22.299999237060547,22.450000762939453,22.450000762939453,47644,BPL Limited
2003-05-13,22.25,23.0,22.049999237060547,22.700000762939453,22.700000762939453,33420,BPL Limited
2003-05-14,22.799999237060547,25.89999961853028,22.25,25.600000381469727,25.600000381469727,84246,BPL Limited
2003-05-15,25.950000762939453,28.850000381469727,25.950000762939453,28.39999961853028,28.39999961853028,196687,BPL Limited
2003-05-16,28.850000381469727,30.39999961853028,28.049999237060547,28.450000762939453,28.450000762939453,169272,BPL Limited
2003-05-19,28.75,28.75,27.25,27.600000381469727,27.600000381469727,41200,BPL Limited
2003-05-20,27.100000381469727,27.25,26.5,26.950000762939453,26.950000762939453,31057,BPL Limited
2003-05-21,27.0,28.350000381469727,27.0,27.25,27.25,44566,BPL Limited
2003-05-22,27.5,28.0,27.350000381469727,27.600000381469727,27.600000381469727,26969,BPL Limited
2003-05-23,30.850000381469727,30.850000381469727,27.25,27.5,27.5,46053,BPL Limited
2003-05-26,28.0,29.799999237060547,28.0,29.25,29.25,84903,BPL Limited
2003-05-27,29.89999961853028,30.89999961853028,28.64999961853028,29.100000381469727,29.100000381469727,83557,BPL Limited
2003-05-28,29.0,29.5,28.549999237060547,28.89999961853028,28.89999961853028,30302,BPL Limited
2003-05-29,29.5,29.5,28.5,29.049999237060547,29.049999237060547,24813,BPL Limited
2003-05-30,28.75,29.350000381469727,28.100000381469727,28.39999961853028,28.39999961853028,21762,BPL Limited
2003-06-02,29.0,29.5,28.25,28.799999237060547,28.799999237060547,30056,BPL Limited
2003-06-03,28.75,29.39999961853028,28.600000381469727,28.89999961853028,28.89999961853028,18666,BPL Limited
2003-06-04,27.64999961853028,34.70000076293945,27.64999961853028,34.70000076293945,34.70000076293945,312960,BPL Limited
2003-06-05,35.900001525878906,36.29999923706055,32.54999923706055,33.04999923706055,33.04999923706055,306945,BPL Limited
2003-06-06,33.45000076293945,35.5,32.849998474121094,33.900001525878906,33.900001525878906,188252,BPL Limited
2003-06-09,34.45000076293945,34.75,33.5,33.900001525878906,33.900001525878906,58601,BPL Limited
2003-06-10,34.0,36.25,32.54999923706055,33.20000076293945,33.20000076293945,145230,BPL Limited
2003-06-11,33.70000076293945,34.349998474121094,32.79999923706055,33.04999923706055,33.04999923706055,54725,BPL Limited
2003-06-12,33.650001525878906,33.70000076293945,31.799999237060547,32.150001525878906,32.150001525878906,39135,BPL Limited
2003-06-13,33.0,33.0,32.04999923706055,32.349998474121094,32.349998474121094,34128,BPL Limited
2003-06-16,32.5,32.75,31.5,31.600000381469727,31.600000381469727,21677,BPL Limited
2003-06-17,32.25,32.70000076293945,31.799999237060547,32.04999923706055,32.04999923706055,21649,BPL Limited
2003-06-18,32.25,33.849998474121094,32.25,32.95000076293945,32.95000076293945,47086,BPL Limited
2003-06-19,33.0,33.5,32.25,32.5,32.5,23985,BPL Limited
2003-06-20,32.400001525878906,32.79999923706055,31.100000381469727,31.549999237060547,31.549999237060547,27094,BPL Limited
2003-06-23,32.29999923706055,32.45000076293945,31.100000381469727,31.39999961853028,31.39999961853028,33147,BPL Limited
2003-06-24,31.100000381469727,32.849998474121094,31.0,32.29999923706055,32.29999923706055,50205,BPL Limited
2003-06-25,32.599998474121094,34.45000076293945,32.599998474121094,33.400001525878906,33.400001525878906,69793,BPL Limited
2003-06-26,33.5,34.400001525878906,32.5,32.75,32.75,64085,BPL Limited
2003-06-27,33.29999923706055,33.75,32.75,33.099998474121094,33.099998474121094,28518,BPL Limited
2003-06-30,32.95000076293945,34.79999923706055,32.70000076293945,34.099998474121094,34.099998474121094,79241,BPL Limited
2003-07-01,34.349998474121094,34.5,33.5,34.0,34.0,33859,BPL Limited
2003-07-02,33.5,36.75,33.5,35.349998474121094,35.349998474121094,227257,BPL Limited
2003-07-03,36.650001525878906,36.70000076293945,35.0,35.349998474121094,35.349998474121094,84741,BPL Limited
2003-07-04,35.04999923706055,36.79999923706055,35.0,35.400001525878906,35.400001525878906,108457,BPL Limited
2003-07-07,35.400001525878906,38.34999847412109,35.25,37.400001525878906,37.400001525878906,191184,BPL Limited
2003-07-08,38.0,38.20000076293945,36.0,36.25,36.25,65695,BPL Limited
2003-07-09,37.0,37.0,34.099998474121094,34.29999923706055,34.29999923706055,41813,BPL Limited
2003-07-10,33.70000076293945,34.5,33.0,33.599998474121094,33.599998474121094,39590,BPL Limited
2003-07-11,36.0,36.0,33.5,33.70000076293945,33.70000076293945,26122,BPL Limited
2003-07-14,35.5,40.45000076293945,35.29999923706055,40.45000076293945,40.45000076293945,271376,BPL Limited
2003-07-15,41.0,44.0,38.70000076293945,39.29999923706055,39.29999923706055,364873,BPL Limited
2003-07-16,40.400001525878906,43.20000076293945,39.34999847412109,41.25,41.25,221230,BPL Limited
2003-07-17,42.0,42.59999847412109,39.59999847412109,39.95000076293945,39.95000076293945,134931,BPL Limited
2003-07-18,39.5,40.0,37.75,38.54999923706055,38.54999923706055,63664,BPL Limited
2003-07-21,39.0,46.29999923706055,38.650001525878906,46.29999923706055,46.29999923706055,605120,BPL Limited
2003-07-22,46.400001525878906,46.400001525878906,41.09999847412109,42.150001525878906,42.150001525878906,386990,BPL Limited
2003-07-23,43.5,48.70000076293945,43.09999847412109,44.75,44.75,461905,BPL Limited
2003-07-24,46.400001525878906,46.400001525878906,43.09999847412109,43.45000076293945,43.45000076293945,133932,BPL Limited
2003-07-25,43.95000076293945,45.20000076293945,42.54999923706055,42.79999923706055,42.79999923706055,138054,BPL Limited
2003-07-28,43.20000076293945,44.45000076293945,41.20000076293945,42.25,42.25,121240,BPL Limited
2003-07-29,42.0,42.84999847412109,40.900001525878906,41.150001525878906,41.150001525878906,59895,BPL Limited
2003-07-30,41.5,42.79999923706055,40.5,40.79999923706055,40.79999923706055,53102,BPL Limited
2003-07-31,41.59999847412109,42.29999923706055,40.25,40.59999847412109,40.59999847412109,43529,BPL Limited
2003-08-01,40.25,41.70000076293945,40.150001525878906,40.45000076293945,40.45000076293945,50644,BPL Limited
2003-08-04,41.0,44.5,40.25,41.54999923706055,41.54999923706055,140608,BPL Limited
2003-08-05,42.20000076293945,42.5,40.0,40.29999923706055,40.29999923706055,69972,BPL Limited
2003-08-06,40.84999847412109,40.95000076293945,37.900001525878906,38.34999847412109,38.34999847412109,74934,BPL Limited
2003-08-07,39.5,40.900001525878906,39.09999847412109,39.650001525878906,39.650001525878906,79599,BPL Limited
2003-08-08,39.5,41.5,39.5,39.70000076293945,39.70000076293945,110221,BPL Limited
2003-08-11,40.70000076293945,40.79999923706055,39.0,39.70000076293945,39.70000076293945,64025,BPL Limited
2003-08-12,40.45000076293945,41.79999923706055,39.04999923706055,39.59999847412109,39.59999847412109,218170,BPL Limited
2003-08-13,40.09999847412109,40.70000076293945,39.5,39.70000076293945,39.70000076293945,70917,BPL Limited
2003-08-14,39.5,42.59999847412109,39.5,41.45000076293945,41.45000076293945,199948,BPL Limited
2003-08-15,41.45000076293945,41.45000076293945,41.45000076293945,41.45000076293945,41.45000076293945,0,BPL Limited
2003-08-18,42.70000076293945,43.59999847412109,41.75,42.20000076293945,42.20000076293945,189814,BPL Limited
2003-08-19,43.400001525878906,43.45000076293945,40.5,40.84999847412109,40.84999847412109,118569,BPL Limited
2003-08-20,40.20000076293945,41.29999923706055,39.29999923706055,39.70000076293945,39.70000076293945,72676,BPL Limited
2003-08-21,40.45000076293945,45.0,40.0,42.70000076293945,42.70000076293945,355337,BPL Limited
2003-08-22,43.70000076293945,44.650001525878906,41.79999923706055,43.84999847412109,43.84999847412109,260821,BPL Limited
2003-08-25,44.900001525878906,46.400001525878906,40.70000076293945,41.45000076293945,41.45000076293945,391098,BPL Limited
2003-08-26,42.0,46.20000076293945,41.09999847412109,45.400001525878906,45.400001525878906,332952,BPL Limited
2003-08-27,45.75,49.900001525878906,45.70000076293945,47.650001525878906,47.650001525878906,954662,BPL Limited
2003-08-28,47.79999923706055,48.95000076293945,45.650001525878906,46.70000076293945,46.70000076293945,274292,BPL Limited
2003-08-29,47.79999923706055,47.900001525878906,44.29999923706055,44.70000076293945,44.70000076293945,157181,BPL Limited
2003-09-01,47.5,47.5,44.59999847412109,44.84999847412109,44.84999847412109,84534,BPL Limited
2003-09-02,45.0,45.84999847412109,43.54999923706055,44.400001525878906,44.400001525878906,104941,BPL Limited
2003-09-03,45.400001525878906,45.5,42.59999847412109,43.04999923706055,43.04999923706055,93495,BPL Limited
2003-09-04,45.45000076293945,49.09999847412109,41.75,42.09999847412109,42.09999847412109,83075,BPL Limited
2003-09-05,42.0,44.79999923706055,42.0,42.650001525878906,42.650001525878906,49995,BPL Limited
2003-09-08,44.70000076293945,45.900001525878906,42.900001525878906,45.150001525878906,45.150001525878906,237202,BPL Limited
2003-09-09,45.54999923706055,45.75,42.5,42.75,42.75,131903,BPL Limited
2003-09-10,42.09999847412109,44.0,42.0,42.900001525878906,42.900001525878906,103389,BPL Limited
2003-09-11,43.0,46.09999847412109,42.150001525878906,44.20000076293945,44.20000076293945,217258,BPL Limited
2003-09-12,45.20000076293945,46.0,42.29999923706055,42.900001525878906,42.900001525878906,170863,BPL Limited
2003-09-15,43.900001525878906,43.900001525878906,41.09999847412109,41.5,41.5,62225,BPL Limited
2003-09-16,42.45000076293945,42.45000076293945,39.70000076293945,40.70000076293945,40.70000076293945,140807,BPL Limited
2003-09-17,41.25,42.400001525878906,40.09999847412109,40.5,40.5,129335,BPL Limited
2003-09-18,40.5,40.75,39.0,39.20000076293945,39.20000076293945,59639,BPL Limited
2003-09-19,40.0,40.34999847412109,37.59999847412109,38.54999923706055,38.54999923706055,51536,BPL Limited
2003-09-22,38.75,39.70000076293945,38.150001525878906,38.29999923706055,38.29999923706055,29644,BPL Limited
2003-09-23,37.25,38.79999923706055,37.25,38.29999923706055,38.29999923706055,22135,BPL Limited
2003-09-24,38.900001525878906,39.150001525878906,38.09999847412109,38.70000076293945,38.70000076293945,27407,BPL Limited
2003-09-25,38.95000076293945,39.400001525878906,38.5,38.75,38.75,35288,BPL Limited
2003-09-26,39.5,40.84999847412109,39.29999923706055,39.84999847412109,39.84999847412109,69226,BPL Limited
2003-09-29,39.0,40.900001525878906,39.0,39.95000076293945,39.95000076293945,49634,BPL Limited
2003-09-30,40.75,40.95000076293945,39.70000076293945,39.79999923706055,39.79999923706055,31517,BPL Limited
2003-10-01,39.79999923706055,39.900001525878906,38.70000076293945,38.95000076293945,38.95000076293945,32583,BPL Limited
2003-10-02,38.95000076293945,38.95000076293945,38.95000076293945,38.95000076293945,38.95000076293945,0,BPL Limited
2003-10-03,38.79999923706055,40.54999923706055,38.75,39.900001525878906,39.900001525878906,59865,BPL Limited
2003-10-06,40.09999847412109,42.150001525878906,40.0,41.900001525878906,41.900001525878906,120880,BPL Limited
2003-10-07,42.45000076293945,47.0,41.34999847412109,41.75,41.75,136642,BPL Limited
2003-10-08,42.29999923706055,42.75,41.150001525878906,41.54999923706055,41.54999923706055,60560,BPL Limited
2003-10-09,42.5,42.5,41.0,41.25,41.25,69144,BPL Limited
2003-10-10,41.95000076293945,42.0,40.70000076293945,41.0,41.0,53610,BPL Limited
2003-10-13,41.0,42.0,41.0,41.45000076293945,41.45000076293945,77555,BPL Limited
2003-10-14,42.0,42.400001525878906,39.75,40.20000076293945,40.20000076293945,72557,BPL Limited
2003-10-15,40.5,40.70000076293945,39.150001525878906,39.79999923706055,39.79999923706055,52193,BPL Limited
2003-10-16,40.400001525878906,40.79999923706055,39.5,39.70000076293945,39.70000076293945,40604,BPL Limited
2003-10-17,41.0,41.09999847412109,39.09999847412109,39.400001525878906,39.400001525878906,58445,BPL Limited
2003-10-20,39.75,39.84999847412109,38.25,38.70000076293945,38.70000076293945,41338,BPL Limited
2003-10-21,39.25,39.25,37.75,37.95000076293945,37.95000076293945,34393,BPL Limited
2003-10-22,37.150001525878906,38.45000076293945,36.04999923706055,36.400001525878906,36.400001525878906,42711,BPL Limited
2003-10-23,36.5,36.84999847412109,35.650001525878906,36.0,36.0,36300,BPL Limited
2003-10-24,35.849998474121094,36.34999847412109,35.150001525878906,35.900001525878906,35.900001525878906,21091,BPL Limited
2003-10-27,36.79999923706055,37.70000076293945,36.0,36.29999923706055,36.29999923706055,20318,BPL Limited
2003-10-28,37.25,37.34999847412109,35.599998474121094,35.900001525878906,35.900001525878906,18033,BPL Limited
2003-10-29,36.650001525878906,36.70000076293945,34.95000076293945,35.25,35.25,19631,BPL Limited
2003-10-30,35.70000076293945,36.0,35.099998474121094,35.45000076293945,35.45000076293945,19166,BPL Limited
2003-10-31,34.099998474121094,35.79999923706055,34.099998474121094,35.25,35.25,30241,BPL Limited
2003-11-03,35.599998474121094,36.0,35.0,35.599998474121094,35.599998474121094,20147,BPL Limited
2003-11-04,35.25,36.0,34.75,35.099998474121094,35.099998474121094,30341,BPL Limited
2003-11-05,35.5,36.34999847412109,35.20000076293945,35.45000076293945,35.45000076293945,48137,BPL Limited
2003-11-06,36.5,38.45000076293945,36.0,37.79999923706055,37.79999923706055,94052,BPL Limited
2003-11-07,38.5,40.70000076293945,38.25,39.650001525878906,39.650001525878906,123534,BPL Limited
2003-11-10,39.95000076293945,40.70000076293945,39.20000076293945,40.09999847412109,40.09999847412109,38892,BPL Limited
2003-11-11,40.5,41.900001525878906,39.75,40.70000076293945,40.70000076293945,98893,BPL Limited
2003-11-12,41.84999847412109,42.45000076293945,41.20000076293945,41.5,41.5,104998,BPL Limited
2003-11-13,42.5,43.25,40.29999923706055,40.75,40.75,144233,BPL Limited
2003-11-14,41.0,41.0,39.0,39.25,39.25,52990,BPL Limited
2003-11-17,39.75,41.150001525878906,39.5,40.75,40.75,66864,BPL Limited
2003-11-18,41.79999923706055,42.95000076293945,41.0,41.29999923706055,41.29999923706055,229275,BPL Limited
2003-11-19,41.900001525878906,43.0,39.75,40.0,40.0,81538,BPL Limited
2003-11-20,40.5,40.5,38.5,38.84999847412109,38.84999847412109,52458,BPL Limited
2003-11-21,38.5,38.5,37.400001525878906,38.09999847412109,38.09999847412109,47548,BPL Limited
2003-11-24,38.75,39.0,37.09999847412109,38.75,38.75,47126,BPL Limited
2003-11-25,39.04999923706055,41.0,38.5,40.45000076293945,40.45000076293945,115973,BPL Limited
2003-11-26,40.45000076293945,40.45000076293945,40.45000076293945,40.45000076293945,40.45000076293945,0,BPL Limited
2003-11-27,41.5,43.95000076293945,41.400001525878906,43.5,43.5,417527,BPL Limited
2003-11-28,44.29999923706055,45.79999923706055,43.5,45.29999923706055,45.29999923706055,496724,BPL Limited
2003-12-01,46.09999847412109,46.400001525878906,44.5,44.900001525878906,44.900001525878906,314280,BPL Limited
2003-12-02,45.25,45.29999923706055,43.0,43.34999847412109,43.34999847412109,113065,BPL Limited
2003-12-03,43.400001525878906,43.59999847412109,42.54999923706055,43.0,43.0,100690,BPL Limited
2003-12-04,45.0,48.5,44.54999923706055,45.95000076293945,45.95000076293945,344378,BPL Limited
2003-12-05,47.0,47.0,43.54999923706055,44.0,44.0,185199,BPL Limited
2003-12-08,43.0,45.650001525878906,43.0,45.150001525878906,45.150001525878906,117398,BPL Limited
2003-12-09,45.900001525878906,51.34999847412109,45.25,50.650001525878906,50.650001525878906,904677,BPL Limited
2003-12-10,50.95000076293945,51.900001525878906,48.400001525878906,49.150001525878906,49.150001525878906,410155,BPL Limited
2003-12-11,49.84999847412109,53.25,49.29999923706055,51.400001525878906,51.400001525878906,735694,BPL Limited
2003-12-12,51.900001525878906,52.95000076293945,50.09999847412109,50.54999923706055,50.54999923706055,387594,BPL Limited
2003-12-15,51.400001525878906,51.5,50.09999847412109,50.34999847412109,50.34999847412109,266667,BPL Limited
2003-12-16,50.900001525878906,50.900001525878906,47.29999923706055,48.59999847412109,48.59999847412109,188729,BPL Limited
2003-12-17,48.20000076293945,48.900001525878906,47.5,47.79999923706055,47.79999923706055,115276,BPL Limited
2003-12-18,48.0,52.5,47.54999923706055,51.29999923706055,51.29999923706055,503278,BPL Limited
2003-12-19,52.400001525878906,52.95000076293945,50.04999923706055,50.45000076293945,50.45000076293945,492050,BPL Limited
2003-12-22,51.0,51.900001525878906,50.84999847412109,51.150001525878906,51.150001525878906,245843,BPL Limited
2003-12-23,52.29999923706055,52.45000076293945,49.59999847412109,49.79999923706055,49.79999923706055,127868,BPL Limited
2003-12-24,50.0,52.5,49.09999847412109,51.54999923706055,51.54999923706055,351783,BPL Limited
2003-12-25,51.54999923706055,51.54999923706055,51.54999923706055,51.54999923706055,51.54999923706055,0,BPL Limited
2003-12-26,54.900001525878906,54.900001525878906,52.0,52.400001525878906,52.400001525878906,536475,BPL Limited
2003-12-29,52.900001525878906,53.900001525878906,52.0,52.25,52.25,244127,BPL Limited
2003-12-30,52.5,52.900001525878906,50.400001525878906,50.650001525878906,50.650001525878906,174352,BPL Limited
2003-12-31,51.0,51.0,48.650001525878906,49.04999923706055,49.04999923706055,115186,BPL Limited
2004-01-01,50.0,50.5,49.54999923706055,49.79999923706055,49.79999923706055,95260,BPL Limited
2004-01-02,50.29999923706055,51.20000076293945,49.5,50.25,50.25,212182,BPL Limited
2004-01-05,51.0,54.400001525878906,50.25,53.650001525878906,53.650001525878906,542751,BPL Limited
2004-01-06,55.0,56.400001525878906,50.79999923706055,51.650001525878906,51.650001525878906,708487,BPL Limited
2004-01-07,51.70000076293945,52.650001525878906,49.75,50.75,50.75,230234,BPL Limited
2004-01-08,51.25,53.59999847412109,50.900001525878906,52.70000076293945,52.70000076293945,336276,BPL Limited
2004-01-09,60.54999923706055,60.54999923706055,51.25,52.09999847412109,52.09999847412109,384706,BPL Limited
2004-01-12,52.5,61.20000076293945,52.0,58.25,58.25,2134137,BPL Limited
2004-01-13,59.900001525878906,59.900001525878906,55.59999847412109,56.20000076293945,56.20000076293945,748656,BPL Limited
2004-01-14,56.59999847412109,59.5,56.59999847412109,57.45000076293945,57.45000076293945,758537,BPL Limited
2004-01-15,58.0,58.20000076293945,55.0,55.20000076293945,55.20000076293945,371717,BPL Limited
2004-01-16,53.650001525878906,55.75,52.0,52.75,52.75,232120,BPL Limited
2004-01-19,53.0,54.0,50.0,51.59999847412109,51.59999847412109,191800,BPL Limited
2004-01-20,52.09999847412109,53.5,49.54999923706055,50.09999847412109,50.09999847412109,172550,BPL Limited
2004-01-21,49.0,50.34999847412109,43.25,44.650001525878906,44.650001525878906,218982,BPL Limited
2004-01-22,46.0,46.5,41.0,41.5,41.5,234974,BPL Limited
2004-01-23,41.900001525878906,44.900001525878906,41.0,44.29999923706055,44.29999923706055,177025,BPL Limited
2004-01-26,44.29999923706055,44.29999923706055,44.29999923706055,44.29999923706055,44.29999923706055,0,BPL Limited
2004-01-27,45.20000076293945,47.20000076293945,44.0,46.09999847412109,46.09999847412109,159641,BPL Limited
2004-01-28,47.5,47.5,44.0,44.20000076293945,44.20000076293945,102818,BPL Limited
2004-01-29,43.29999923706055,44.34999847412109,43.0,43.20000076293945,43.20000076293945,60457,BPL Limited
2004-01-30,42.84999847412109,44.45000076293945,41.04999923706055,41.29999923706055,41.29999923706055,78919,BPL Limited
2004-02-02,41.29999923706055,41.29999923706055,41.29999923706055,41.29999923706055,41.29999923706055,0,BPL Limited
2004-02-03,41.0,41.0,36.150001525878906,36.900001525878906,36.900001525878906,100000,BPL Limited
2004-02-04,37.150001525878906,39.0,35.599998474121094,36.900001525878906,36.900001525878906,119052,BPL Limited
2004-02-05,37.0,39.09999847412109,37.0,38.20000076293945,38.20000076293945,75620,BPL Limited
2004-02-06,37.54999923706055,39.5,37.54999923706055,38.400001525878906,38.400001525878906,65071,BPL Limited
2004-02-09,39.5,39.59999847412109,37.650001525878906,39.04999923706055,39.04999923706055,72422,BPL Limited
2004-02-10,39.79999923706055,39.79999923706055,38.09999847412109,38.25,38.25,79338,BPL Limited
2004-02-11,38.75,38.75,37.09999847412109,37.79999923706055,37.79999923706055,63006,BPL Limited
2004-02-12,37.5,38.0,37.09999847412109,37.29999923706055,37.29999923706055,42106,BPL Limited
2004-02-13,38.09999847412109,39.34999847412109,37.0,39.09999847412109,39.09999847412109,97981,BPL Limited
2004-02-16,39.54999923706055,40.75,39.09999847412109,39.650001525878906,39.650001525878906,85886,BPL Limited
2004-02-17,39.70000076293945,39.70000076293945,38.09999847412109,38.650001525878906,38.650001525878906,21662,BPL Limited
2004-02-18,39.79999923706055,39.79999923706055,37.25,37.75,37.75,46367,BPL Limited
2004-02-19,37.79999923706055,38.25,36.5,36.650001525878906,36.650001525878906,36221,BPL Limited
2004-02-20,36.59999847412109,37.25,36.29999923706055,36.54999923706055,36.54999923706055,36748,BPL Limited
2004-02-23,36.25,37.04999923706055,35.29999923706055,35.599998474121094,35.599998474121094,36598,BPL Limited
2004-02-24,35.0,35.5,34.5,35.150001525878906,35.150001525878906,35954,BPL Limited
2004-02-25,35.45000076293945,36.5,35.099998474121094,35.29999923706055,35.29999923706055,48538,BPL Limited
2004-02-26,35.54999923706055,36.400001525878906,34.5,34.79999923706055,34.79999923706055,50066,BPL Limited
2004-02-27,34.95000076293945,35.0,33.599998474121094,34.0,34.0,51084,BPL Limited
2004-03-01,34.150001525878906,35.5,33.95000076293945,34.599998474121094,34.599998474121094,34144,BPL Limited
2004-03-02,34.599998474121094,34.599998474121094,34.599998474121094,34.599998474121094,34.599998474121094,0,BPL Limited
2004-03-03,34.75,35.45000076293945,33.25,33.75,33.75,52989,BPL Limited
2004-03-04,33.900001525878906,34.25,32.20000076293945,32.349998474121094,32.349998474121094,36646,BPL Limited
2004-03-05,32.099998474121094,33.400001525878906,32.099998474121094,33.0,33.0,35680,BPL Limited
2004-03-08,33.150001525878906,34.0,33.150001525878906,33.70000076293945,33.70000076293945,33333,BPL Limited
2004-03-09,32.79999923706055,33.150001525878906,32.599998474121094,33.04999923706055,33.04999923706055,24317,BPL Limited
2004-03-10,33.45000076293945,35.0,33.0,33.400001525878906,33.400001525878906,50251,BPL Limited
2004-03-11,33.20000076293945,33.5,32.900001525878906,33.150001525878906,33.150001525878906,23208,BPL Limited
2004-03-12,33.0,33.0,32.5,32.70000076293945,32.70000076293945,32805,BPL Limited
2004-03-15,35.0,35.0,31.89999961853028,32.099998474121094,32.099998474121094,51909,BPL Limited
2004-03-16,32.0,32.0,30.64999961853028,30.89999961853028,30.89999961853028,27443,BPL Limited
2004-03-17,31.0,31.5,30.100000381469727,30.25,30.25,24286,BPL Limited
2004-03-18,30.0,30.89999961853028,29.0,29.39999961853028,29.39999961853028,34012,BPL Limited
2004-03-19,30.0,30.0,29.100000381469727,29.299999237060547,29.299999237060547,25022,BPL Limited
2004-03-22,29.0,29.89999961853028,27.0,27.200000762939453,27.200000762939453,37736,BPL Limited
2004-03-23,27.100000381469727,30.0,26.5,27.700000762939453,27.700000762939453,58102,BPL Limited
2004-03-24,29.0,29.0,27.100000381469727,27.600000381469727,27.600000381469727,39473,BPL Limited
2004-03-25,30.0,30.0,27.600000381469727,28.100000381469727,28.100000381469727,37046,BPL Limited
2004-03-26,28.0,29.799999237060547,28.0,29.299999237060547,29.299999237060547,69949,BPL Limited
2004-03-29,25.0,30.75,25.0,29.700000762939453,29.700000762939453,63091,BPL Limited
2004-03-30,30.0,31.89999961853028,29.64999961853028,30.64999961853028,30.64999961853028,58492,BPL Limited
2004-03-31,30.700000762939453,31.5,30.5,30.950000762939453,30.950000762939453,40663,BPL Limited
2004-04-01,31.700000762939453,33.0,31.39999961853028,32.849998474121094,32.849998474121094,26583,BPL Limited
2004-04-02,32.849998474121094,33.150001525878906,31.700000762939453,32.29999923706055,32.29999923706055,36982,BPL Limited
2004-04-05,32.5,34.0,32.5,32.650001525878906,32.650001525878906,48051,BPL Limited
2004-04-06,33.0,33.0,31.75,31.950000762939453,31.950000762939453,14129,BPL Limited
2004-04-07,33.0,33.0,31.0,31.299999237060547,31.299999237060547,16353,BPL Limited
2004-04-08,31.299999237060547,31.89999961853028,31.100000381469727,31.299999237060547,31.299999237060547,10689,BPL Limited
2004-04-09,31.299999237060547,31.299999237060547,31.299999237060547,31.299999237060547,31.299999237060547,0,BPL Limited
2004-04-12,31.75,33.599998474121094,31.75,32.849998474121094,32.849998474121094,72615,BPL Limited
2004-04-13,31.0,33.54999923706055,31.0,32.29999923706055,32.29999923706055,18253,BPL Limited
2004-04-14,32.29999923706055,32.29999923706055,32.29999923706055,32.29999923706055,32.29999923706055,0,BPL Limited
2004-04-15,31.450000762939453,33.599998474121094,31.39999961853028,32.29999923706055,32.29999923706055,17823,BPL Limited
2004-04-16,32.0,33.45000076293945,32.0,32.599998474121094,32.599998474121094,30276,BPL Limited
2004-04-19,35.79999923706055,36.25,34.04999923706055,34.45000076293945,34.45000076293945,58194,BPL Limited
2004-04-20,33.349998474121094,34.5,31.5,33.95000076293945,33.95000076293945,29614,BPL Limited
2004-04-21,34.20000076293945,38.75,33.5,37.75,37.75,208605,BPL Limited
2004-04-22,38.25,38.25,36.29999923706055,36.59999847412109,36.59999847412109,80686,BPL Limited
2004-04-23,37.0,37.900001525878906,36.0,36.150001525878906,36.150001525878906,86436,BPL Limited
2004-04-27,34.25,35.5,33.29999923706055,34.29999923706055,34.29999923706055,52824,BPL Limited
2004-04-28,34.400001525878906,34.400001525878906,32.900001525878906,33.75,33.75,52963,BPL Limited
2004-04-29,32.5,34.0,32.5,33.70000076293945,33.70000076293945,17365,BPL Limited
2004-04-30,33.25,33.79999923706055,33.0,33.150001525878906,33.150001525878906,15188,BPL Limited
2004-05-03,32.099998474121094,32.099998474121094,30.89999961853028,31.5,31.5,55823,BPL Limited
2004-05-04,32.0,32.75,31.5,31.700000762939453,31.700000762939453,38082,BPL Limited
2004-05-05,32.400001525878906,32.70000076293945,31.89999961853028,32.099998474121094,32.099998474121094,16302,BPL Limited
2004-05-06,34.400001525878906,34.400001525878906,32.5,32.95000076293945,32.95000076293945,32880,BPL Limited
2004-05-07,32.5,33.099998474121094,32.29999923706055,32.79999923706055,32.79999923706055,15968,BPL Limited
2004-05-10,33.0,33.349998474121094,31.5,31.700000762939453,31.700000762939453,17837,BPL Limited
2004-05-11,29.0,31.549999237060547,29.0,30.700000762939453,30.700000762939453,29350,BPL Limited
2004-05-12,31.0,31.600000381469727,29.799999237060547,30.0,30.0,62551,BPL Limited
2004-05-13,29.600000381469727,31.549999237060547,29.200000762939453,30.950000762939453,30.950000762939453,38970,BPL Limited
2004-05-14,31.0,32.150001525878906,28.0,29.14999961853028,29.14999961853028,60704,BPL Limited
2004-05-17,28.5,28.5,23.549999237060547,25.64999961853028,25.64999961853028,49851,BPL Limited
2004-05-18,27.0,30.5,26.950000762939453,27.950000762939453,27.950000762939453,62450,BPL Limited
2004-05-19,29.700000762939453,30.0,27.89999961853028,29.200000762939453,29.200000762939453,37088,BPL Limited
2004-05-20,31.5,31.5,28.549999237060547,29.0,29.0,57834,BPL Limited
2004-05-21,27.700000762939453,29.100000381469727,27.700000762939453,28.850000381469727,28.850000381469727,12998,BPL Limited
2004-05-24,31.39999961853028,32.150001525878906,29.700000762939453,30.89999961853028,30.89999961853028,118325,BPL Limited
2004-05-25,29.100000381469727,31.89999961853028,29.100000381469727,30.549999237060547,30.549999237060547,27766,BPL Limited
2004-05-26,30.950000762939453,31.450000762939453,29.700000762939453,30.0,30.0,24901,BPL Limited
2004-05-27,29.549999237060547,30.25,29.14999961853028,29.350000381469727,29.350000381469727,27740,BPL Limited
2004-05-28,28.14999961853028,29.350000381469727,27.5,27.850000381469727,27.850000381469727,45764,BPL Limited
2004-05-31,26.64999961853028,27.799999237060547,25.5,26.350000381469727,26.350000381469727,27698,BPL Limited
2004-06-01,27.14999961853028,27.600000381469727,27.0,27.200000762939453,27.200000762939453,13624,BPL Limited
2004-06-02,27.39999961853028,27.39999961853028,26.5,26.850000381469727,26.850000381469727,22710,BPL Limited
2004-06-03,26.64999961853028,27.39999961853028,26.5,26.89999961853028,26.89999961853028,44034,BPL Limited
2004-06-04,26.64999961853028,27.100000381469727,26.549999237060547,26.850000381469727,26.850000381469727,42662,BPL Limited
2004-06-07,27.049999237060547,27.549999237060547,26.100000381469727,26.25,26.25,16025,BPL Limited
2004-06-08,26.5,26.89999961853028,25.700000762939453,25.89999961853028,25.89999961853028,34716,BPL Limited
2004-06-09,26.200000762939453,26.5,25.700000762939453,25.850000381469727,25.850000381469727,37730,BPL Limited
2004-06-10,26.299999237060547,26.350000381469727,25.700000762939453,25.799999237060547,25.799999237060547,29055,BPL Limited
2004-06-11,25.75,26.0,25.600000381469727,25.64999961853028,25.64999961853028,18721,BPL Limited
2004-06-14,25.39999961853028,25.600000381469727,25.0,25.5,25.5,17181,BPL Limited
2004-06-15,26.14999961853028,26.14999961853028,25.049999237060547,25.600000381469727,25.600000381469727,12387,BPL Limited
2004-06-16,26.049999237060547,26.100000381469727,25.299999237060547,25.600000381469727,25.600000381469727,31415,BPL Limited
2004-06-17,25.0,25.299999237060547,24.299999237060547,24.600000381469727,24.600000381469727,28311,BPL Limited
2004-06-18,25.25,25.5,24.5,24.549999237060547,24.549999237060547,10101,BPL Limited
2004-06-21,25.0,25.299999237060547,24.299999237060547,24.5,24.5,15783,BPL Limited
2004-06-22,24.299999237060547,24.75,24.049999237060547,24.39999961853028,24.39999961853028,19208,BPL Limited
2004-06-23,24.100000381469727,24.5,23.450000762939453,23.75,23.75,21278,BPL Limited
2004-06-24,24.0,24.200000762939453,23.0,23.5,23.5,16393,BPL Limited
2004-06-25,23.850000381469727,26.25,23.25,25.75,25.75,52897,BPL Limited
2004-06-28,26.5,27.950000762939453,25.799999237060547,27.75,27.75,81452,BPL Limited
2004-06-29,27.700000762939453,28.5,27.200000762939453,27.350000381469727,27.350000381469727,38128,BPL Limited
2004-06-30,27.25,27.600000381469727,27.0,27.39999961853028,27.39999961853028,33556,BPL Limited
2004-07-01,27.5,27.5,26.600000381469727,27.049999237060547,27.049999237060547,11370,BPL Limited
2004-07-02,27.0,29.5,26.25,28.25,28.25,86925,BPL Limited
2004-07-05,30.0,30.0,27.39999961853028,27.549999237060547,27.549999237060547,52715,BPL Limited
2004-07-06,26.700000762939453,27.700000762939453,26.700000762939453,27.64999961853028,27.64999961853028,13644,BPL Limited
2004-07-07,26.75,27.600000381469727,26.75,26.950000762939453,26.950000762939453,12977,BPL Limited
2004-07-08,27.100000381469727,28.89999961853028,26.0,26.200000762939453,26.200000762939453,60374,BPL Limited
2004-07-09,26.25,26.950000762939453,26.0,26.600000381469727,26.600000381469727,16795,BPL Limited
2004-07-12,26.75,28.549999237060547,26.100000381469727,27.25,27.25,36085,BPL Limited
2004-07-13,27.350000381469727,28.100000381469727,26.850000381469727,27.100000381469727,27.100000381469727,12758,BPL Limited
2004-07-14,27.700000762939453,27.700000762939453,26.700000762939453,26.850000381469727,26.850000381469727,8540,BPL Limited
2004-07-15,27.299999237060547,29.89999961853028,27.0,29.350000381469727,29.350000381469727,184820,BPL Limited
2004-07-16,29.25,35.25,28.600000381469727,35.25,35.25,521918,BPL Limited
2004-07-19,36.45000076293945,42.29999923706055,36.0,41.900001525878906,41.900001525878906,665156,BPL Limited
2004-07-20,42.79999923706055,48.09999847412109,39.79999923706055,45.70000076293945,45.70000076293945,2230549,BPL Limited
2004-07-21,46.5,48.70000076293945,44.400001525878906,46.25,46.25,1454343,BPL Limited
2004-07-22,47.0,48.5,46.0,46.75,46.75,703040,BPL Limited
2004-07-23,47.25,50.29999923706055,47.20000076293945,49.45000076293945,49.45000076293945,804763,BPL Limited
2004-07-26,49.04999923706055,51.95000076293945,49.0,50.75,50.75,530824,BPL Limited
2004-07-27,52.09999847412109,55.20000076293945,45.70000076293945,46.70000076293945,46.70000076293945,1201117,BPL Limited
2004-07-28,48.45000076293945,48.45000076293945,42.04999923706055,42.04999923706055,42.04999923706055,574612,BPL Limited
2004-07-29,38.54999923706055,46.29999923706055,37.84999847412109,45.29999923706055,45.29999923706055,2073922,BPL Limited
2004-07-30,44.04999923706055,46.45000076293945,42.79999923706055,43.54999923706055,43.54999923706055,647855,BPL Limited
2004-08-02,44.95000076293945,45.59999847412109,41.59999847412109,42.150001525878906,42.150001525878906,260152,BPL Limited
2004-08-03,42.29999923706055,42.400001525878906,40.0,40.25,40.25,203439,BPL Limited
2004-08-04,40.0,42.34999847412109,39.79999923706055,40.20000076293945,40.20000076293945,200173,BPL Limited
2004-08-05,40.5,42.70000076293945,40.0,41.29999923706055,41.29999923706055,725390,BPL Limited
2004-08-06,41.75,41.900001525878906,40.20000076293945,40.5,40.5,176539,BPL Limited
2004-08-09,40.650001525878906,41.79999923706055,39.95000076293945,41.150001525878906,41.150001525878906,232954,BPL Limited
2004-08-10,41.29999923706055,41.29999923706055,39.75,40.04999923706055,40.04999923706055,128051,BPL Limited
2004-08-11,38.0,39.5,36.04999923706055,36.04999923706055,36.04999923706055,387300,BPL Limited
2004-08-12,34.599998474121094,36.84999847412109,33.79999923706055,34.400001525878906,34.400001525878906,178955,BPL Limited
2004-08-13,34.599998474121094,36.70000076293945,33.45000076293945,33.75,33.75,259445,BPL Limited
2004-08-16,32.75,34.95000076293945,32.75,34.849998474121094,34.849998474121094,21230,BPL Limited
2004-08-17,35.25,35.25,34.54999923706055,34.79999923706055,34.79999923706055,22631,BPL Limited
2004-08-18,34.04999923706055,35.20000076293945,34.04999923706055,34.25,34.25,15067,BPL Limited
2004-08-19,34.900001525878906,34.95000076293945,34.0,34.54999923706055,34.54999923706055,12803,BPL Limited
2004-08-20,35.900001525878906,35.900001525878906,33.099998474121094,33.79999923706055,33.79999923706055,23484,BPL Limited
2004-08-23,33.04999923706055,34.25,33.04999923706055,33.400001525878906,33.400001525878906,27333,BPL Limited
2004-08-24,34.5,34.5,32.650001525878906,32.75,32.75,32575,BPL Limited
2004-08-25,32.54999923706055,33.0,32.45000076293945,32.70000076293945,32.70000076293945,35815,BPL Limited
2004-08-26,33.150001525878906,35.900001525878906,32.70000076293945,35.150001525878906,35.150001525878906,70110,BPL Limited
2004-08-27,35.0,36.25,34.900001525878906,35.849998474121094,35.849998474121094,48274,BPL Limited
2004-08-30,37.0,38.09999847412109,36.95000076293945,37.59999847412109,37.59999847412109,98683,BPL Limited
2004-08-31,37.5,37.59999847412109,36.34999847412109,36.59999847412109,36.59999847412109,33692,BPL Limited
2004-09-01,37.0,37.70000076293945,36.29999923706055,36.650001525878906,36.650001525878906,31893,BPL Limited
2004-09-02,35.0,37.54999923706055,35.0,36.29999923706055,36.29999923706055,45722,BPL Limited
2004-09-03,36.0,36.650001525878906,35.95000076293945,36.20000076293945,36.20000076293945,16406,BPL Limited
2004-09-06,34.0,37.0,34.0,36.45000076293945,36.45000076293945,21754,BPL Limited
2004-09-07,36.900001525878906,37.0,36.150001525878906,36.25,36.25,24077,BPL Limited
2004-09-08,36.79999923706055,39.900001525878906,36.29999923706055,39.45000076293945,39.45000076293945,127515,BPL Limited
2004-09-09,39.59999847412109,40.400001525878906,37.54999923706055,37.79999923706055,37.79999923706055,52922,BPL Limited
2004-09-10,38.0,40.79999923706055,37.79999923706055,39.5,39.5,131570,BPL Limited
2004-09-13,38.900001525878906,39.5,38.0,38.09999847412109,38.09999847412109,34714,BPL Limited
2004-09-14,39.25,39.25,37.5,37.75,37.75,18894,BPL Limited
2004-09-15,36.0,38.84999847412109,36.0,37.400001525878906,37.400001525878906,24296,BPL Limited
2004-09-16,37.0,37.95000076293945,37.0,37.09999847412109,37.09999847412109,67670,BPL Limited
2004-09-17,36.75,38.0,36.75,37.25,37.25,34480,BPL Limited
2004-09-20,39.09999847412109,39.150001525878906,36.70000076293945,37.650001525878906,37.650001525878906,80447,BPL Limited
2004-09-21,37.150001525878906,37.84999847412109,37.150001525878906,37.400001525878906,37.400001525878906,21923,BPL Limited
2004-09-22,37.25,38.0,36.54999923706055,37.400001525878906,37.400001525878906,33481,BPL Limited
2004-09-23,36.34999847412109,37.29999923706055,36.34999847412109,36.75,36.75,11014,BPL Limited
2004-09-24,36.09999847412109,36.84999847412109,35.849998474121094,36.29999923706055,36.29999923706055,48500,BPL Limited
2004-09-27,36.0,36.84999847412109,35.54999923706055,35.70000076293945,35.70000076293945,22862,BPL Limited
2004-09-28,35.29999923706055,36.0,34.0,34.900001525878906,34.900001525878906,37636,BPL Limited
2004-09-29,35.900001525878906,35.900001525878906,34.5,35.5,35.5,26874,BPL Limited
2004-09-30,35.0,36.0,34.650001525878906,34.849998474121094,34.849998474121094,39229,BPL Limited
2004-10-01,35.95000076293945,37.0,34.5,36.5,36.5,53327,BPL Limited
2004-10-04,37.95000076293945,39.5,37.5,38.900001525878906,38.900001525878906,157400,BPL Limited
2004-10-05,39.5,39.900001525878906,38.5,39.20000076293945,39.20000076293945,116210,BPL Limited
2004-10-06,39.75,42.20000076293945,39.75,40.79999923706055,40.79999923706055,147316,BPL Limited
2004-10-07,42.45000076293945,42.5,39.5,39.95000076293945,39.95000076293945,102440,BPL Limited
2004-10-08,40.0,43.95000076293945,38.54999923706055,43.95000076293945,43.95000076293945,365494,BPL Limited
2004-10-11,45.70000076293945,45.900001525878906,41.04999923706055,41.45000076293945,41.45000076293945,352375,BPL Limited
2004-10-12,42.0,42.400001525878906,40.09999847412109,40.25,40.25,142104,BPL Limited
2004-10-14,40.0,41.70000076293945,39.400001525878906,40.59999847412109,40.59999847412109,136383,BPL Limited
2004-10-15,40.5,41.0,39.5,39.70000076293945,39.70000076293945,75710,BPL Limited
2004-10-18,40.29999923706055,40.900001525878906,38.5,38.70000076293945,38.70000076293945,96635,BPL Limited
2004-10-19,38.900001525878906,39.400001525878906,38.09999847412109,38.34999847412109,38.34999847412109,54174,BPL Limited
2004-10-20,38.45000076293945,40.79999923706055,38.45000076293945,38.75,38.75,161704,BPL Limited
2004-10-21,39.0,41.900001525878906,38.29999923706055,40.650001525878906,40.650001525878906,162667,BPL Limited
2004-10-22,40.650001525878906,40.650001525878906,40.650001525878906,40.650001525878906,40.650001525878906,0,BPL Limited
2004-10-25,41.70000076293945,42.400001525878906,38.20000076293945,39.150001525878906,39.150001525878906,303391,BPL Limited
2004-10-26,39.20000076293945,39.650001525878906,38.70000076293945,38.95000076293945,38.95000076293945,78449,BPL Limited
2004-10-27,39.0,40.70000076293945,38.900001525878906,39.5,39.5,87831,BPL Limited
2004-10-28,40.5,40.5,38.25,38.54999923706055,38.54999923706055,72678,BPL Limited
2004-10-29,39.34999847412109,39.34999847412109,37.650001525878906,38.04999923706055,38.04999923706055,108189,BPL Limited
2004-11-01,38.95000076293945,40.70000076293945,37.900001525878906,38.45000076293945,38.45000076293945,87620,BPL Limited
2004-11-02,38.5,39.59999847412109,38.34999847412109,38.900001525878906,38.900001525878906,83140,BPL Limited
2004-11-03,39.70000076293945,39.70000076293945,38.79999923706055,38.95000076293945,38.95000076293945,62962,BPL Limited
2004-11-04,39.5,40.75,38.70000076293945,39.95000076293945,39.95000076293945,260017,BPL Limited
2004-11-05,40.20000076293945,43.20000076293945,38.70000076293945,39.25,39.25,116439,BPL Limited
2004-11-08,38.79999923706055,39.84999847412109,38.59999847412109,38.95000076293945,38.95000076293945,57420,BPL Limited
2004-11-09,38.95000076293945,44.59999847412109,38.70000076293945,42.79999923706055,42.79999923706055,898465,BPL Limited
2004-11-10,43.5,45.75,43.0,44.70000076293945,44.70000076293945,891063,BPL Limited
2004-11-11,45.0,45.0,43.20000076293945,43.45000076293945,43.45000076293945,335334,BPL Limited
2004-11-12,43.59999847412109,44.0,43.04999923706055,43.5,43.5,81414,BPL Limited
2004-11-15,43.5,43.5,43.5,43.5,43.5,0,BPL Limited
2004-11-16,44.400001525878906,44.95000076293945,43.5,43.79999923706055,43.79999923706055,359701,BPL Limited
2004-11-17,44.0,44.5,43.04999923706055,43.20000076293945,43.20000076293945,146181,BPL Limited
2004-11-18,43.25,43.5,42.0,42.54999923706055,42.54999923706055,144974,BPL Limited
2004-11-19,42.70000076293945,45.09999847412109,42.70000076293945,43.04999923706055,43.04999923706055,306597,BPL Limited
2004-11-22,43.0,43.5,42.150001525878906,43.20000076293945,43.20000076293945,103754,BPL Limited
2004-11-23,44.0,44.150001525878906,42.54999923706055,42.95000076293945,42.95000076293945,86317,BPL Limited
2004-11-24,43.150001525878906,43.70000076293945,42.54999923706055,42.70000076293945,42.70000076293945,145346,BPL Limited
2004-11-25,44.0,45.5,43.09999847412109,43.34999847412109,43.34999847412109,275351,BPL Limited
2004-11-26,43.34999847412109,43.34999847412109,43.34999847412109,43.34999847412109,43.34999847412109,0,BPL Limited
2004-11-29,43.900001525878906,43.900001525878906,43.09999847412109,43.400001525878906,43.400001525878906,86006,BPL Limited
2004-11-30,43.79999923706055,44.20000076293945,41.0,41.45000076293945,41.45000076293945,149909,BPL Limited
2004-12-01,42.34999847412109,42.34999847412109,40.59999847412109,41.5,41.5,127273,BPL Limited
2004-12-02,41.79999923706055,45.900001525878906,41.59999847412109,43.70000076293945,43.70000076293945,467781,BPL Limited
2004-12-03,44.0,44.0,42.25,42.5,42.5,89105,BPL Limited
2004-12-06,41.09999847412109,43.400001525878906,41.04999923706055,42.25,42.25,76937,BPL Limited
2004-12-07,42.900001525878906,44.45000076293945,42.150001525878906,43.150001525878906,43.150001525878906,304315,BPL Limited
2004-12-08,44.0,46.54999923706055,43.75,45.45000076293945,45.45000076293945,1207250,BPL Limited
2004-12-09,46.20000076293945,48.34999847412109,45.5,46.150001525878906,46.150001525878906,894382,BPL Limited
2004-12-10,46.59999847412109,46.95000076293945,44.75,45.0,45.0,321768,BPL Limited
2004-12-13,45.400001525878906,45.400001525878906,43.75,44.400001525878906,44.400001525878906,241945,BPL Limited
2004-12-14,45.09999847412109,46.0,44.150001525878906,44.75,44.75,201260,BPL Limited
2004-12-15,45.59999847412109,45.59999847412109,43.75,43.84999847412109,43.84999847412109,121385,BPL Limited
2004-12-16,43.84999847412109,44.79999923706055,43.54999923706055,43.650001525878906,43.650001525878906,94826,BPL Limited
2004-12-17,44.79999923706055,44.79999923706055,42.5,42.79999923706055,42.79999923706055,139796,BPL Limited
2004-12-20,43.59999847412109,43.59999847412109,42.25,42.34999847412109,42.34999847412109,118390,BPL Limited
2004-12-21,43.0,43.400001525878906,42.59999847412109,42.900001525878906,42.900001525878906,77626,BPL Limited
2004-12-22,43.400001525878906,44.25,42.5,42.79999923706055,42.79999923706055,167155,BPL Limited
2004-12-23,43.20000076293945,43.650001525878906,42.59999847412109,42.75,42.75,69915,BPL Limited
2004-12-24,43.79999923706055,44.5,42.79999923706055,43.150001525878906,43.150001525878906,236951,BPL Limited
2004-12-27,44.04999923706055,44.04999923706055,42.0,42.54999923706055,42.54999923706055,161472,BPL Limited
2004-12-28,43.25,45.5,42.150001525878906,44.150001525878906,44.150001525878906,486359,BPL Limited
2004-12-29,44.900001525878906,46.09999847412109,43.75,44.29999923706055,44.29999923706055,385038,BPL Limited
2004-12-30,44.5,45.0,42.75,43.150001525878906,43.150001525878906,134338,BPL Limited
2004-12-31,43.5,44.29999923706055,43.0,43.25,43.25,102348,BPL Limited
2005-01-03,43.84999847412109,44.79999923706055,43.5,44.150001525878906,44.150001525878906,156239,BPL Limited
2005-01-04,44.54999923706055,47.5,44.150001525878906,46.0,46.0,718774,BPL Limited
2005-01-05,46.0,47.95000076293945,41.59999847412109,43.29999923706055,43.29999923706055,564217,BPL Limited
2005-01-06,43.900001525878906,44.0,41.5,41.900001525878906,41.900001525878906,233615,BPL Limited
2005-01-07,42.70000076293945,43.400001525878906,42.0,42.400001525878906,42.400001525878906,93521,BPL Limited
2005-01-10,43.25,44.20000076293945,42.25,42.45000076293945,42.45000076293945,121611,BPL Limited
2005-01-11,42.79999923706055,43.20000076293945,40.84999847412109,41.04999923706055,41.04999923706055,105850,BPL Limited
2005-01-12,41.84999847412109,41.84999847412109,38.150001525878906,38.650001525878906,38.650001525878906,84293,BPL Limited
2005-01-13,39.0,39.900001525878906,38.59999847412109,39.54999923706055,39.54999923706055,67039,BPL Limited
2005-01-14,39.84999847412109,42.400001525878906,39.25,40.900001525878906,40.900001525878906,202905,BPL Limited
2005-01-17,42.400001525878906,42.400001525878906,40.75,41.150001525878906,41.150001525878906,89464,BPL Limited
2005-01-18,41.45000076293945,41.5,40.650001525878906,41.20000076293945,41.20000076293945,66200,BPL Limited
2005-01-19,43.79999923706055,43.79999923706055,40.75,41.0,41.0,51335,BPL Limited
2005-01-20,40.75,41.0,39.20000076293945,39.84999847412109,39.84999847412109,60910,BPL Limited
2005-01-24,39.54999923706055,40.0,38.20000076293945,38.5,38.5,15853,BPL Limited
2005-01-25,38.29999923706055,38.29999923706055,36.900001525878906,37.5,37.5,113483,BPL Limited
2005-01-27,38.25,38.400001525878906,36.0,37.59999847412109,37.59999847412109,99083,BPL Limited
2005-01-28,38.0,38.34999847412109,37.5,37.75,37.75,57914,BPL Limited
2005-01-31,38.25,39.900001525878906,38.0,39.45000076293945,39.45000076293945,125661,BPL Limited
2005-02-01,39.04999923706055,41.400001525878906,38.04999923706055,40.5,40.5,226097,BPL Limited
2005-02-02,41.5,43.5,40.59999847412109,41.5,41.5,542454,BPL Limited
2005-02-03,42.25,42.900001525878906,40.59999847412109,40.84999847412109,40.84999847412109,148131,BPL Limited
2005-02-04,41.5,41.5,39.5,39.79999923706055,39.79999923706055,104154,BPL Limited
2005-02-07,40.400001525878906,40.75,39.20000076293945,39.54999923706055,39.54999923706055,52646,BPL Limited
2005-02-08,39.45000076293945,40.5,39.0,39.20000076293945,39.20000076293945,65421,BPL Limited
2005-02-09,39.84999847412109,42.70000076293945,39.84999847412109,40.70000076293945,40.70000076293945,166688,BPL Limited
2005-02-10,41.75,41.75,39.79999923706055,40.20000076293945,40.20000076293945,117087,BPL Limited
2005-02-11,40.59999847412109,40.70000076293945,39.5,39.70000076293945,39.70000076293945,82978,BPL Limited
2005-02-14,39.900001525878906,40.34999847412109,39.20000076293945,39.5,39.5,51090,BPL Limited
2005-02-15,39.09999847412109,39.400001525878906,38.25,38.54999923706055,38.54999923706055,68417,BPL Limited
2005-02-16,38.20000076293945,38.95000076293945,38.20000076293945,38.29999923706055,38.29999923706055,55711,BPL Limited
2005-02-17,38.34999847412109,38.650001525878906,37.79999923706055,38.0,38.0,49029,BPL Limited
2005-02-18,39.09999847412109,39.09999847412109,37.25,37.5,37.5,54905,BPL Limited
2005-02-21,37.5,38.20000076293945,37.0,37.20000076293945,37.20000076293945,42596,BPL Limited
2005-02-22,37.95000076293945,37.95000076293945,36.59999847412109,36.79999923706055,36.79999923706055,36360,BPL Limited
2005-02-23,37.20000076293945,37.900001525878906,36.79999923706055,37.0,37.0,66871,BPL Limited
2005-02-24,37.400001525878906,39.70000076293945,37.150001525878906,38.34999847412109,38.34999847412109,206097,BPL Limited
2005-02-25,38.84999847412109,38.84999847412109,37.04999923706055,37.25,37.25,52860,BPL Limited
2005-02-28,38.900001525878906,38.900001525878906,36.150001525878906,37.20000076293945,37.20000076293945,46268,BPL Limited
2005-03-01,37.650001525878906,37.70000076293945,36.5,36.900001525878906,36.900001525878906,24932,BPL Limited
2005-03-02,36.84999847412109,37.95000076293945,36.400001525878906,36.75,36.75,59397,BPL Limited
2005-03-03,37.0,39.09999847412109,36.5,38.0,38.0,119052,BPL Limited
2005-03-04,38.5,39.0,37.5,37.650001525878906,37.650001525878906,47927,BPL Limited
2005-03-07,38.0,40.400001525878906,36.95000076293945,39.650001525878906,39.650001525878906,343853,BPL Limited
2005-03-08,39.650001525878906,40.5,38.75,39.34999847412109,39.34999847412109,194506,BPL Limited
2005-03-09,40.0,40.0,37.09999847412109,37.45000076293945,37.45000076293945,53393,BPL Limited
2005-03-10,38.0,38.75,37.59999847412109,37.75,37.75,45832,BPL Limited
2005-03-11,38.25,39.150001525878906,37.150001525878906,38.0,38.0,85784,BPL Limited
2005-03-14,38.0,38.95000076293945,38.0,38.54999923706055,38.54999923706055,70089,BPL Limited
2005-03-15,37.54999923706055,39.5,37.54999923706055,39.0,39.0,113287,BPL Limited
2005-03-16,39.0,42.09999847412109,39.0,40.59999847412109,40.59999847412109,431325,BPL Limited
2005-03-17,43.95000076293945,43.95000076293945,40.04999923706055,40.5,40.5,160191,BPL Limited
2005-03-18,41.0,42.0,38.150001525878906,39.09999847412109,39.09999847412109,96241,BPL Limited
2005-03-21,38.75,39.95000076293945,37.54999923706055,37.900001525878906,37.900001525878906,42408,BPL Limited
2005-03-22,40.0,40.0,36.0,36.29999923706055,36.29999923706055,82399,BPL Limited
2005-03-23,38.0,38.0,35.75,35.900001525878906,35.900001525878906,51604,BPL Limited
2005-03-24,36.95000076293945,36.95000076293945,34.5,34.79999923706055,34.79999923706055,60547,BPL Limited
2005-03-28,34.349998474121094,36.0,34.349998474121094,34.79999923706055,34.79999923706055,35412,BPL Limited
2005-03-29,35.5,35.5,32.75,33.79999923706055,33.79999923706055,35280,BPL Limited
2005-03-30,34.400001525878906,34.5,33.04999923706055,33.75,33.75,20453,BPL Limited
2005-03-31,34.29999923706055,35.5,34.20000076293945,35.099998474121094,35.099998474121094,32782,BPL Limited
2005-04-01,35.29999923706055,37.5,35.29999923706055,36.79999923706055,36.79999923706055,23872,BPL Limited
2005-04-04,37.09999847412109,38.45000076293945,36.0,37.09999847412109,37.09999847412109,41284,BPL Limited
2005-04-05,37.0,38.400001525878906,37.0,37.150001525878906,37.150001525878906,43535,BPL Limited
2005-04-06,37.95000076293945,37.95000076293945,36.75,37.25,37.25,22666,BPL Limited
2005-04-07,37.79999923706055,37.900001525878906,36.650001525878906,36.75,36.75,18360,BPL Limited
2005-04-08,37.0,38.0,36.29999923706055,37.25,37.25,33081,BPL Limited
2005-04-11,37.0,38.650001525878906,37.0,37.5,37.5,100308,BPL Limited
2005-04-12,38.400001525878906,38.400001525878906,36.79999923706055,37.04999923706055,37.04999923706055,22843,BPL Limited
2005-04-13,37.09999847412109,37.84999847412109,36.75,37.04999923706055,37.04999923706055,17954,BPL Limited
2005-04-15,37.5,37.5,35.150001525878906,35.29999923706055,35.29999923706055,40425,BPL Limited
2005-04-18,34.79999923706055,36.0,34.75,35.20000076293945,35.20000076293945,24871,BPL Limited
2005-04-19,37.25,38.400001525878906,35.5,36.650001525878906,36.650001525878906,184183,BPL Limited
2005-04-20,37.45000076293945,37.45000076293945,35.79999923706055,36.84999847412109,36.84999847412109,97546,BPL Limited
2005-04-21,36.79999923706055,38.34999847412109,36.25,37.650001525878906,37.650001525878906,54780,BPL Limited
2005-04-22,38.5,41.59999847412109,37.75,40.59999847412109,40.59999847412109,237889,BPL Limited
2005-04-25,42.0,45.0,42.0,43.29999923706055,43.29999923706055,844835,BPL Limited
2005-04-26,44.0,45.79999923706055,43.09999847412109,45.09999847412109,45.09999847412109,663536,BPL Limited
2005-04-27,45.5,53.84999847412109,44.20000076293945,50.650001525878906,50.650001525878906,1296224,BPL Limited
2005-04-28,50.650001525878906,53.900001525878906,49.70000076293945,52.04999923706055,52.04999923706055,1545860,BPL Limited
2005-04-29,50.25,52.5,47.650001525878906,48.150001525878906,48.150001525878906,143893,BPL Limited
2005-05-02,48.650001525878906,49.0,44.54999923706055,45.45000076293945,45.45000076293945,50555,BPL Limited
2005-05-03,45.0,46.0,44.34999847412109,44.95000076293945,44.95000076293945,42980,BPL Limited
2005-05-04,46.0,46.0,44.150001525878906,44.95000076293945,44.95000076293945,17379,BPL Limited
2005-05-05,45.95000076293945,48.0,44.79999923706055,47.04999923706055,47.04999923706055,68830,BPL Limited
2005-05-06,47.95000076293945,47.95000076293945,45.75,46.75,46.75,19106,BPL Limited
2005-05-09,47.75,48.0,45.20000076293945,46.5,46.5,25508,BPL Limited
2005-05-10,46.0,47.0,45.5,46.150001525878906,46.150001525878906,18982,BPL Limited
2005-05-11,47.45000076293945,48.29999923706055,45.84999847412109,47.70000076293945,47.70000076293945,35598,BPL Limited
2005-05-12,48.0,49.59999847412109,47.0,47.34999847412109,47.34999847412109,28552,BPL Limited
2005-05-13,49.0,49.0,46.79999923706055,47.150001525878906,47.150001525878906,24146,BPL Limited
2005-05-16,47.25,48.20000076293945,46.0,46.59999847412109,46.59999847412109,20040,BPL Limited
2005-05-17,46.29999923706055,46.5,45.04999923706055,45.5,45.5,7781,BPL Limited
2005-05-18,44.5,46.400001525878906,44.5,45.59999847412109,45.59999847412109,13329,BPL Limited
2005-05-19,47.54999923706055,47.95000076293945,46.25,46.400001525878906,46.400001525878906,31502,BPL Limited
2005-05-20,48.0,50.0,47.0,47.79999923706055,47.79999923706055,37566,BPL Limited
2005-05-23,49.0,49.0,47.150001525878906,47.84999847412109,47.84999847412109,20539,BPL Limited
2005-05-24,48.70000076293945,48.70000076293945,46.5,47.20000076293945,47.20000076293945,20522,BPL Limited
2005-05-25,48.5,48.70000076293945,46.0,46.29999923706055,46.29999923706055,10699,BPL Limited
2005-05-26,47.25,47.25,45.0,46.150001525878906,46.150001525878906,25105,BPL Limited
2005-05-27,47.0,47.0,44.5,45.04999923706055,45.04999923706055,10992,BPL Limited
2005-05-30,46.0,46.0,43.5,43.900001525878906,43.900001525878906,13625,BPL Limited
2005-05-31,44.0,44.75,43.59999847412109,44.0,44.0,12560,BPL Limited
2005-06-01,44.25,44.75,43.900001525878906,44.25,44.25,5646,BPL Limited
2005-06-02,43.29999923706055,44.5,42.5,43.54999923706055,43.54999923706055,27097,BPL Limited
2005-06-03,43.95000076293945,43.95000076293945,43.09999847412109,43.25,43.25,7960,BPL Limited
2005-06-06,44.25,45.45000076293945,43.75,44.5,44.5,29105,BPL Limited
2005-06-07,44.04999923706055,45.45000076293945,44.04999923706055,44.900001525878906,44.900001525878906,16292,BPL Limited
2005-06-08,44.29999923706055,46.79999923706055,44.29999923706055,46.5,46.5,22134,BPL Limited
2005-06-09,46.25,46.59999847412109,44.84999847412109,45.150001525878906,45.150001525878906,28423,BPL Limited
2005-06-10,46.0,46.0,44.09999847412109,44.95000076293945,44.95000076293945,7754,BPL Limited
2005-06-13,45.09999847412109,45.09999847412109,43.25,43.70000076293945,43.70000076293945,13918,BPL Limited
2005-06-14,45.0,45.0,43.5,44.900001525878906,44.900001525878906,18932,BPL Limited
2005-06-15,44.95000076293945,45.0,44.0,44.45000076293945,44.45000076293945,23656,BPL Limited
2005-06-16,44.0,44.95000076293945,43.20000076293945,43.54999923706055,43.54999923706055,7433,BPL Limited
2005-06-17,43.04999923706055,44.45000076293945,42.0,42.29999923706055,42.29999923706055,42079,BPL Limited
2005-06-20,42.20000076293945,44.400001525878906,41.650001525878906,41.84999847412109,41.84999847412109,10599,BPL Limited
2005-06-21,41.59999847412109,42.20000076293945,41.04999923706055,41.5,41.5,11254,BPL Limited
2005-06-22,42.45000076293945,42.45000076293945,41.09999847412109,41.20000076293945,41.20000076293945,11265,BPL Limited
2005-06-23,41.95000076293945,42.79999923706055,41.04999923706055,42.150001525878906,42.150001525878906,5671,BPL Limited
2005-06-24,41.75,42.29999923706055,41.0,41.34999847412109,41.34999847412109,7784,BPL Limited
2005-06-27,42.45000076293945,42.45000076293945,40.900001525878906,41.0,41.0,11440,BPL Limited
2005-06-28,43.0,44.400001525878906,42.150001525878906,42.45000076293945,42.45000076293945,39519,BPL Limited
2005-06-29,43.59999847412109,43.59999847412109,41.75,41.84999847412109,41.84999847412109,8337,BPL Limited
2005-06-30,41.75,42.650001525878906,41.20000076293945,41.59999847412109,41.59999847412109,14045,BPL Limited
2005-07-01,41.54999923706055,42.09999847412109,41.150001525878906,41.95000076293945,41.95000076293945,9995,BPL Limited
2005-07-04,41.20000076293945,42.650001525878906,41.20000076293945,42.5,42.5,10508,BPL Limited
2005-07-05,42.900001525878906,44.150001525878906,42.900001525878906,43.79999923706055,43.79999923706055,30052,BPL Limited
2005-07-06,44.0,48.75,44.0,48.150001525878906,48.150001525878906,101151,BPL Limited
2005-07-07,49.45000076293945,50.5,45.04999923706055,45.5,45.5,41003,BPL Limited
2005-07-08,46.04999923706055,47.34999847412109,45.04999923706055,45.5,45.5,37669,BPL Limited
2005-07-11,46.0,48.84999847412109,46.0,47.150001525878906,47.150001525878906,83326,BPL Limited
2005-07-12,46.54999923706055,48.20000076293945,45.34999847412109,45.95000076293945,45.95000076293945,44845,BPL Limited
2005-07-13,46.79999923706055,46.900001525878906,45.29999923706055,46.25,46.25,39894,BPL Limited
2005-07-14,46.95000076293945,47.0,45.09999847412109,45.59999847412109,45.59999847412109,36948,BPL Limited
2005-07-15,46.900001525878906,46.95000076293945,45.5,45.84999847412109,45.84999847412109,28567,BPL Limited
2005-07-18,52.5,55.04999923706055,52.150001525878906,55.04999923706055,55.04999923706055,516184,BPL Limited
2005-07-19,59.20000076293945,61.900001525878906,55.0,55.29999923706055,55.29999923706055,863813,BPL Limited
2005-07-20,56.900001525878906,66.4000015258789,55.54999923706055,63.59999847412109,63.59999847412109,3123325,BPL Limited
2005-07-21,67.0,68.0,61.150001525878906,62.04999923706055,62.04999923706055,2058962,BPL Limited
2005-07-22,62.79999923706055,62.79999923706055,58.09999847412109,58.54999923706055,58.54999923706055,468158,BPL Limited
2005-07-25,58.900001525878906,59.45000076293945,55.54999923706055,56.04999923706055,56.04999923706055,323528,BPL Limited
2005-07-26,56.400001525878906,56.400001525878906,52.04999923706055,52.650001525878906,52.650001525878906,258412,BPL Limited
2005-07-27,52.95000076293945,56.900001525878906,51.54999923706055,54.25,54.25,381328,BPL Limited
2005-07-28,54.25,54.25,54.25,54.25,54.25,0,BPL Limited
2005-07-29,54.0,54.0,51.75,52.09999847412109,52.09999847412109,119713,BPL Limited
2005-08-01,52.0,53.0,50.09999847412109,51.20000076293945,51.20000076293945,25576,BPL Limited
2005-08-02,50.0,51.95000076293945,50.0,51.59999847412109,51.59999847412109,28673,BPL Limited
2005-08-03,52.0,52.25,50.54999923706055,51.09999847412109,51.09999847412109,38456,BPL Limited
2005-08-04,50.59999847412109,52.400001525878906,50.25,50.650001525878906,50.650001525878906,25835,BPL Limited
2005-08-05,51.0,51.75,50.25,51.04999923706055,51.04999923706055,37676,BPL Limited
2005-08-08,52.20000076293945,52.20000076293945,50.04999923706055,50.20000076293945,50.20000076293945,25046,BPL Limited
2005-08-09,49.29999923706055,50.84999847412109,48.900001525878906,49.25,49.25,24958,BPL Limited
2005-08-10,48.0,50.95000076293945,48.0,49.900001525878906,49.900001525878906,27117,BPL Limited
2005-08-11,49.09999847412109,51.900001525878906,49.09999847412109,51.0,51.0,24418,BPL Limited
2005-08-12,51.75,51.79999923706055,50.0,50.650001525878906,50.650001525878906,16956,BPL Limited
2005-08-16,51.0,53.84999847412109,50.75,53.09999847412109,53.09999847412109,62066,BPL Limited
2005-08-17,53.84999847412109,57.5,53.84999847412109,55.95000076293945,55.95000076293945,107791,BPL Limited
2005-08-18,52.25,58.0,52.25,54.34999847412109,54.34999847412109,50850,BPL Limited
2005-08-19,54.95000076293945,55.900001525878906,54.0,55.20000076293945,55.20000076293945,42998,BPL Limited
2005-08-22,55.5,56.79999923706055,54.45000076293945,55.0,55.0,59530,BPL Limited
2005-08-23,54.900001525878906,55.04999923706055,53.0,53.04999923706055,53.04999923706055,40578,BPL Limited
2005-08-24,54.95000076293945,56.0,52.5,53.04999923706055,53.04999923706055,65426,BPL Limited
2005-08-25,52.25,54.0,52.25,52.84999847412109,52.84999847412109,20839,BPL Limited
2005-08-26,55.0,55.0,52.25,52.70000076293945,52.70000076293945,22244,BPL Limited
2005-08-29,52.5,54.400001525878906,52.5,53.70000076293945,53.70000076293945,29570,BPL Limited
2005-08-30,53.5,62.5,53.5,59.04999923706055,59.04999923706055,172204,BPL Limited
2005-08-31,61.5,64.5,58.09999847412109,62.45000076293945,62.45000076293945,312644,BPL Limited
2005-09-01,64.0,66.4000015258789,59.5,60.400001525878906,60.400001525878906,80128,BPL Limited
2005-09-02,57.150001525878906,61.70000076293945,57.150001525878906,59.5,59.5,45087,BPL Limited
2005-09-05,62.5,62.5,58.650001525878906,59.0,59.0,36185,BPL Limited
2005-09-06,60.0,60.59999847412109,57.650001525878906,58.150001525878906,58.150001525878906,34328,BPL Limited
2005-09-08,59.0,59.0,56.0,56.20000076293945,56.20000076293945,47745,BPL Limited
2005-09-09,56.04999923706055,56.75,55.0,55.84999847412109,55.84999847412109,46718,BPL Limited
2005-09-12,56.95000076293945,57.150001525878906,55.5,56.70000076293945,56.70000076293945,26317,BPL Limited
2005-09-13,55.5,57.09999847412109,55.25,55.900001525878906,55.900001525878906,20071,BPL Limited
2005-09-14,56.5,60.0,55.650001525878906,56.75,56.75,113948,BPL Limited
2005-09-15,57.900001525878906,57.900001525878906,55.25,56.150001525878906,56.150001525878906,63667,BPL Limited
2005-09-16,56.25,59.0,55.5,56.70000076293945,56.70000076293945,122816,BPL Limited
2005-09-19,59.0,59.84999847412109,55.04999923706055,57.150001525878906,57.150001525878906,150623,BPL Limited
2005-09-20,58.45000076293945,58.900001525878906,56.25,57.34999847412109,57.34999847412109,217507,BPL Limited
2005-09-21,57.0,59.25,54.5,54.900001525878906,54.900001525878906,150450,BPL Limited
2005-09-22,55.34999847412109,55.34999847412109,52.20000076293945,52.20000076293945,52.20000076293945,48245,BPL Limited
2005-09-23,49.650001525878906,51.0,49.59999847412109,50.0,50.0,55375,BPL Limited
2005-09-26,51.0,52.5,48.25,52.0,52.0,165452,BPL Limited
2005-09-27,54.29999923706055,54.59999847412109,51.54999923706055,52.20000076293945,52.20000076293945,41431,BPL Limited
2005-09-28,53.70000076293945,53.95000076293945,51.20000076293945,51.54999923706055,51.54999923706055,35024,BPL Limited
2005-09-29,51.09999847412109,51.5,49.0,49.04999923706055,49.04999923706055,36245,BPL Limited
2005-09-30,47.5,49.900001525878906,46.59999847412109,46.79999923706055,46.79999923706055,37391,BPL Limited
2005-10-03,47.0,48.29999923706055,45.5,47.04999923706055,47.04999923706055,36510,BPL Limited
2005-10-04,47.95000076293945,49.29999923706055,47.0,47.29999923706055,47.29999923706055,32739,BPL Limited
2005-10-05,48.0,49.45000076293945,47.29999923706055,47.70000076293945,47.70000076293945,12421,BPL Limited
2005-10-06,46.0,48.5,46.0,46.5,46.5,20873,BPL Limited
2005-10-07,47.45000076293945,47.45000076293945,45.54999923706055,45.70000076293945,45.70000076293945,21233,BPL Limited
2005-10-10,46.5,46.5,44.5,44.95000076293945,44.95000076293945,21909,BPL Limited
2005-10-11,44.95000076293945,45.0,43.5,44.09999847412109,44.09999847412109,16113,BPL Limited
2005-10-13,45.0,46.0,43.650001525878906,44.150001525878906,44.150001525878906,26567,BPL Limited
2005-10-14,44.04999923706055,44.20000076293945,42.04999923706055,42.34999847412109,42.34999847412109,24781,BPL Limited
2005-10-17,42.5,43.45000076293945,41.400001525878906,42.0,42.0,22587,BPL Limited
2005-10-18,41.95000076293945,42.5,41.0,41.150001525878906,41.150001525878906,25030,BPL Limited
2005-10-19,40.20000076293945,42.0,40.0,41.04999923706055,41.04999923706055,36829,BPL Limited
2005-10-20,41.04999923706055,42.95000076293945,39.0,39.09999847412109,39.09999847412109,28257,BPL Limited
2005-10-21,39.0,39.0,37.400001525878906,38.70000076293945,38.70000076293945,12577,BPL Limited
2005-10-24,39.400001525878906,40.0,38.5,38.84999847412109,38.84999847412109,13425,BPL Limited
2005-10-25,39.95000076293945,40.5,38.04999923706055,38.45000076293945,38.45000076293945,19797,BPL Limited
2005-10-26,39.400001525878906,39.400001525878906,37.09999847412109,38.0,38.0,25124,BPL Limited
2005-10-27,37.5,38.0,37.0,37.20000076293945,37.20000076293945,16507,BPL Limited
2005-10-28,37.0,37.0,35.400001525878906,35.5,35.5,21673,BPL Limited
2005-10-31,35.5,36.0,34.04999923706055,34.45000076293945,34.45000076293945,22320,BPL Limited
2005-11-02,36.0,36.0,34.099998474121094,35.349998474121094,35.349998474121094,32308,BPL Limited
2005-11-04,35.349998474121094,35.349998474121094,35.349998474121094,35.349998474121094,35.349998474121094,0,BPL Limited
2005-11-07,36.0,37.150001525878906,35.900001525878906,37.150001525878906,37.150001525878906,45541,BPL Limited
2005-11-08,37.75,39.04999923706055,37.09999847412109,38.09999847412109,38.09999847412109,47054,BPL Limited
2005-11-09,39.0,40.04999923706055,36.650001525878906,37.650001525878906,37.650001525878906,240363,BPL Limited
2005-11-10,37.75,39.54999923706055,37.70000076293945,39.54999923706055,39.54999923706055,11930,BPL Limited
2005-11-11,41.5,41.54999923706055,40.75,41.54999923706055,41.54999923706055,31645,BPL Limited
2005-11-14,42.75,42.75,39.75,40.0,40.0,34403,BPL Limited
2005-11-16,40.0,41.29999923706055,39.0,39.150001525878906,39.150001525878906,31481,BPL Limited
2005-11-17,39.45000076293945,40.0,38.400001525878906,38.59999847412109,38.59999847412109,24287,BPL Limited
2005-11-18,38.5,40.54999923706055,38.09999847412109,40.54999923706055,40.54999923706055,34176,BPL Limited
2005-11-21,42.09999847412109,42.59999847412109,41.5,42.59999847412109,42.59999847412109,74458,BPL Limited
2005-11-22,43.84999847412109,44.75,42.20000076293945,44.04999923706055,44.04999923706055,90362,BPL Limited
2005-11-23,44.0,44.45000076293945,42.5,42.84999847412109,42.84999847412109,21457,BPL Limited
2005-11-24,43.400001525878906,43.400001525878906,41.650001525878906,42.20000076293945,42.20000076293945,19741,BPL Limited
2005-11-25,42.0,43.900001525878906,41.650001525878906,42.5,42.5,18880,BPL Limited
2005-11-28,42.5,43.29999923706055,42.0,42.04999923706055,42.04999923706055,18645,BPL Limited
2005-11-29,41.84999847412109,42.45000076293945,41.09999847412109,42.25,42.25,27011,BPL Limited
2005-11-30,42.70000076293945,43.0,40.150001525878906,40.400001525878906,40.400001525878906,24166,BPL Limited
2005-12-01,41.0,41.5,39.79999923706055,40.25,40.25,27848,BPL Limited
2005-12-02,41.0,41.70000076293945,40.29999923706055,41.20000076293945,41.20000076293945,14440,BPL Limited
2005-12-05,40.84999847412109,42.04999923706055,40.09999847412109,40.900001525878906,40.900001525878906,10869,BPL Limited
2005-12-06,40.0,41.0,39.20000076293945,40.650001525878906,40.650001525878906,19559,BPL Limited
2005-12-07,40.25,40.95000076293945,39.79999923706055,40.150001525878906,40.150001525878906,13064,BPL Limited
2005-12-08,40.900001525878906,42.150001525878906,40.09999847412109,40.79999923706055,40.79999923706055,26303,BPL Limited
2005-12-09,41.0,41.79999923706055,40.0,40.54999923706055,40.54999923706055,14810,BPL Limited
2005-12-12,40.5,40.70000076293945,39.45000076293945,39.54999923706055,39.54999923706055,23262,BPL Limited
2005-12-13,41.0,41.0,39.75,39.84999847412109,39.84999847412109,9826,BPL Limited
2005-12-14,40.0,40.25,38.900001525878906,39.400001525878906,39.400001525878906,8586,BPL Limited
2005-12-15,39.150001525878906,40.0,38.650001525878906,39.29999923706055,39.29999923706055,7508,BPL Limited
2005-12-16,39.0,39.75,38.54999923706055,38.70000076293945,38.70000076293945,14185,BPL Limited
2005-12-19,39.5,40.650001525878906,39.25,39.79999923706055,39.79999923706055,33023,BPL Limited
2005-12-20,39.75,40.0,38.59999847412109,38.75,38.75,13199,BPL Limited
2005-12-21,39.95000076293945,39.95000076293945,38.75,38.95000076293945,38.95000076293945,9459,BPL Limited
2005-12-22,38.95000076293945,40.150001525878906,38.25,38.59999847412109,38.59999847412109,20578,BPL Limited
2005-12-23,39.95000076293945,39.95000076293945,37.75,38.04999923706055,38.04999923706055,21827,BPL Limited
2005-12-26,38.5,38.95000076293945,37.20000076293945,37.5,37.5,18746,BPL Limited
2005-12-27,37.09999847412109,38.400001525878906,36.5,37.54999923706055,37.54999923706055,31018,BPL Limited
2005-12-28,37.650001525878906,38.400001525878906,37.650001525878906,38.0,38.0,9426,BPL Limited
2005-12-29,38.0,39.900001525878906,37.59999847412109,39.900001525878906,39.900001525878906,55919,BPL Limited
2005-12-30,41.75,41.75,39.79999923706055,40.79999923706055,40.79999923706055,41491,BPL Limited
2006-01-02,42.5,42.70000076293945,39.04999923706055,40.0,40.0,18925,BPL Limited
2006-01-03,39.70000076293945,40.5,39.09999847412109,40.04999923706055,40.04999923706055,31793,BPL Limited
2006-01-04,41.0,41.0,39.70000076293945,39.79999923706055,39.79999923706055,19271,BPL Limited
2006-01-05,39.900001525878906,41.75,39.900001525878906,40.150001525878906,40.150001525878906,38183,BPL Limited
2006-01-06,41.45000076293945,41.5,39.59999847412109,39.95000076293945,39.95000076293945,20597,BPL Limited
2006-01-09,39.79999923706055,40.25,39.0,39.25,39.25,24314,BPL Limited
2006-01-10,39.79999923706055,40.34999847412109,39.20000076293945,39.70000076293945,39.70000076293945,18958,BPL Limited
2006-01-12,39.59999847412109,39.900001525878906,38.79999923706055,39.150001525878906,39.150001525878906,15231,BPL Limited
2006-01-13,39.70000076293945,39.79999923706055,38.84999847412109,39.0,39.0,12102,BPL Limited
2006-01-16,38.75,39.20000076293945,38.20000076293945,38.34999847412109,38.34999847412109,13961,BPL Limited
2006-01-17,39.95000076293945,40.0,37.5,37.95000076293945,37.95000076293945,23121,BPL Limited
2006-01-18,38.45000076293945,38.70000076293945,37.150001525878906,38.0,38.0,18061,BPL Limited
2006-01-19,38.09999847412109,39.0,38.0,38.29999923706055,38.29999923706055,14378,BPL Limited
2006-01-20,38.04999923706055,39.20000076293945,38.0,38.95000076293945,38.95000076293945,18220,BPL Limited
2006-01-23,38.0,39.0,37.59999847412109,38.34999847412109,38.34999847412109,8538,BPL Limited
2006-01-24,39.650001525878906,39.70000076293945,37.29999923706055,37.59999847412109,37.59999847412109,20891,BPL Limited
2006-01-25,39.25,39.25,37.45000076293945,37.95000076293945,37.95000076293945,25931,BPL Limited
2006-01-27,38.75,39.84999847412109,38.75,39.84999847412109,39.84999847412109,51147,BPL Limited
2006-01-30,41.45000076293945,41.59999847412109,38.59999847412109,40.20000076293945,40.20000076293945,38593,BPL Limited
2006-01-31,40.04999923706055,40.400001525878906,38.5,38.59999847412109,38.59999847412109,9576,BPL Limited
2006-02-01,39.0,39.45000076293945,37.5,37.59999847412109,37.59999847412109,19730,BPL Limited
2006-02-02,37.79999923706055,39.5,37.09999847412109,37.59999847412109,37.59999847412109,24802,BPL Limited
2006-02-03,39.150001525878906,39.150001525878906,37.0,37.150001525878906,37.150001525878906,10523,BPL Limited
2006-02-06,37.45000076293945,39.04999923706055,37.400001525878906,38.04999923706055,38.04999923706055,9674,BPL Limited
2006-02-07,37.20000076293945,38.84999847412109,37.0,37.5,37.5,15562,BPL Limited
2006-02-08,38.0,39.0,37.29999923706055,37.45000076293945,37.45000076293945,26129,BPL Limited
2006-02-10,36.5,38.650001525878906,36.5,38.34999847412109,38.34999847412109,17042,BPL Limited
2006-02-13,39.900001525878906,40.0,38.0,38.45000076293945,38.45000076293945,37024,BPL Limited
2006-02-14,38.0,38.75,37.04999923706055,37.84999847412109,37.84999847412109,40827,BPL Limited
2006-02-15,38.34999847412109,38.84999847412109,37.650001525878906,38.400001525878906,38.400001525878906,22033,BPL Limited
2006-02-16,38.54999923706055,39.5,38.0,38.54999923706055,38.54999923706055,38090,BPL Limited
2006-02-17,38.09999847412109,40.5,38.09999847412109,38.650001525878906,38.650001525878906,33828,BPL Limited
2006-02-20,38.900001525878906,38.900001525878906,37.5,38.09999847412109,38.09999847412109,12444,BPL Limited
2006-02-21,38.400001525878906,38.900001525878906,37.5,38.34999847412109,38.34999847412109,16922,BPL Limited
2006-02-22,37.5,38.900001525878906,37.29999923706055,37.54999923706055,37.54999923706055,15100,BPL Limited
2006-02-23,37.29999923706055,38.04999923706055,36.5,36.84999847412109,36.84999847412109,8465,BPL Limited
2006-02-24,36.5,37.20000076293945,36.34999847412109,36.70000076293945,36.70000076293945,17526,BPL Limited
2006-02-27,37.900001525878906,38.0,36.54999923706055,36.75,36.75,12632,BPL Limited
2006-02-28,36.900001525878906,37.0,36.20000076293945,36.650001525878906,36.650001525878906,9471,BPL Limited
2006-03-01,36.09999847412109,36.84999847412109,36.09999847412109,36.5,36.5,8824,BPL Limited
2006-03-02,36.150001525878906,36.900001525878906,36.0,36.150001525878906,36.150001525878906,15452,BPL Limited
2006-03-03,36.09999847412109,36.79999923706055,35.25,35.75,35.75,10249,BPL Limited
2006-03-06,35.099998474121094,36.5,35.0,36.0,36.0,20474,BPL Limited
2006-03-07,36.5,36.5,34.5,35.599998474121094,35.599998474121094,51922,BPL Limited
2006-03-08,36.5,36.5,34.25,34.599998474121094,34.599998474121094,22390,BPL Limited
2006-03-09,35.099998474121094,35.349998474121094,34.5,34.5,34.5,10937,BPL Limited
2006-03-10,35.599998474121094,35.75,33.5,33.900001525878906,33.900001525878906,36480,BPL Limited
2006-03-13,35.599998474121094,35.599998474121094,35.599998474121094,35.599998474121094,35.599998474121094,5484,BPL Limited
2006-03-14,37.400001525878906,37.400001525878906,37.400001525878906,37.400001525878906,37.400001525878906,9622,BPL Limited
2006-03-16,39.0,39.29999923706055,37.0,37.45000076293945,37.45000076293945,54117,BPL Limited
2006-03-17,37.20000076293945,37.95000076293945,36.150001525878906,36.900001525878906,36.900001525878906,21815,BPL Limited
2006-03-20,37.09999847412109,37.650001525878906,36.0,36.09999847412109,36.09999847412109,15818,BPL Limited
2006-03-21,35.5,36.400001525878906,34.400001525878906,34.599998474121094,34.599998474121094,20547,BPL Limited
2006-03-22,33.849998474121094,34.95000076293945,33.849998474121094,34.599998474121094,34.599998474121094,14638,BPL Limited
2006-03-23,35.0,35.0,33.849998474121094,34.150001525878906,34.150001525878906,16098,BPL Limited
2006-03-24,35.0,35.0,33.25,33.70000076293945,33.70000076293945,22600,BPL Limited
2006-03-27,34.400001525878906,34.95000076293945,34.0,34.45000076293945,34.45000076293945,28618,BPL Limited
2006-03-28,34.599998474121094,34.900001525878906,33.349998474121094,33.849998474121094,33.849998474121094,30813,BPL Limited
2006-03-29,34.5,35.54999923706055,33.54999923706055,34.29999923706055,34.29999923706055,36443,BPL Limited
2006-03-30,35.0,35.95000076293945,35.0,35.75,35.75,25630,BPL Limited
2006-03-31,35.75,36.95000076293945,35.70000076293945,36.04999923706055,36.04999923706055,17576,BPL Limited
2006-04-03,36.5,37.84999847412109,36.29999923706055,37.84999847412109,37.84999847412109,24212,BPL Limited
2006-04-04,38.5,39.20000076293945,36.900001525878906,37.0,37.0,110778,BPL Limited
2006-04-05,37.0,37.84999847412109,36.20000076293945,37.0,37.0,56451,BPL Limited
2006-04-07,37.400001525878906,38.45000076293945,36.5,36.54999923706055,36.54999923706055,32421,BPL Limited
2006-04-10,37.45000076293945,37.45000076293945,36.5,36.79999923706055,36.79999923706055,8073,BPL Limited
2006-04-12,35.54999923706055,38.0,35.54999923706055,36.20000076293945,36.20000076293945,23190,BPL Limited
2006-04-13,36.0,36.75,35.29999923706055,35.79999923706055,35.79999923706055,12186,BPL Limited
2006-04-17,35.400001525878906,36.5,34.75,34.95000076293945,34.95000076293945,19469,BPL Limited
2006-04-18,35.5,35.70000076293945,34.599998474121094,35.25,35.25,44267,BPL Limited
2006-04-19,35.04999923706055,35.849998474121094,35.04999923706055,35.45000076293945,35.45000076293945,16565,BPL Limited
2006-04-20,36.0,36.0,34.5,35.70000076293945,35.70000076293945,8894,BPL Limited
2006-04-21,36.0,37.0,35.150001525878906,35.79999923706055,35.79999923706055,29284,BPL Limited
2006-04-24,35.5,36.5,35.29999923706055,35.79999923706055,35.79999923706055,13772,BPL Limited
2006-04-25,36.0,36.45000076293945,35.04999923706055,35.25,35.25,14341,BPL Limited
2006-04-26,36.0,36.400001525878906,35.25,35.45000076293945,35.45000076293945,14347,BPL Limited
2006-04-27,36.400001525878906,36.5,33.70000076293945,35.70000076293945,35.70000076293945,25016,BPL Limited
2006-04-28,34.04999923706055,35.849998474121094,34.04999923706055,35.04999923706055,35.04999923706055,12664,BPL Limited
2006-05-02,34.650001525878906,36.400001525878906,34.599998474121094,35.5,35.5,23055,BPL Limited
2006-05-03,36.0,37.25,34.900001525878906,36.900001525878906,36.900001525878906,36959,BPL Limited
2006-05-04,37.900001525878906,38.75,37.5,38.75,38.75,36443,BPL Limited
2006-05-05,40.25,40.70000076293945,40.20000076293945,40.70000076293945,40.70000076293945,64232,BPL Limited
2006-05-08,42.75,42.75,41.0,41.70000076293945,41.70000076293945,113872,BPL Limited
2006-05-09,42.75,43.20000076293945,39.70000076293945,41.20000076293945,41.20000076293945,42425,BPL Limited
2006-05-10,41.0,42.5,40.95000076293945,41.150001525878906,41.150001525878906,30442,BPL Limited
2006-05-11,42.400001525878906,42.45000076293945,40.20000076293945,41.20000076293945,41.20000076293945,34186,BPL Limited
2006-05-12,41.54999923706055,41.54999923706055,40.0,40.09999847412109,40.09999847412109,16328,BPL Limited
2006-05-15,38.29999923706055,42.0,38.09999847412109,38.150001525878906,38.150001525878906,44365,BPL Limited
2006-05-16,38.09999847412109,38.75,36.25,36.25,36.25,32068,BPL Limited
2006-05-17,37.79999923706055,38.09999847412109,37.400001525878906,38.09999847412109,38.09999847412109,10265,BPL Limited
2006-05-18,39.09999847412109,39.900001525878906,36.20000076293945,36.650001525878906,36.650001525878906,53200,BPL Limited
2006-05-19,36.79999923706055,38.5,35.04999923706055,35.29999923706055,35.29999923706055,47950,BPL Limited
2006-05-22,36.0,36.0,33.54999923706055,33.54999923706055,33.54999923706055,36485,BPL Limited
2006-05-23,31.89999961853028,33.5,31.89999961853028,32.849998474121094,32.849998474121094,27571,BPL Limited
2006-05-24,33.099998474121094,34.5,32.5,34.0,34.0,25484,BPL Limited
2006-05-25,34.25,35.70000076293945,32.70000076293945,35.70000076293945,35.70000076293945,23670,BPL Limited
2006-05-26,37.150001525878906,37.5,36.0,37.5,37.5,48242,BPL Limited
2006-05-29,39.0,39.400001525878906,39.0,39.400001525878906,39.400001525878906,66857,BPL Limited
2006-05-30,41.400001525878906,41.400001525878906,40.0,41.400001525878906,41.400001525878906,35258,BPL Limited
2006-05-31,43.45000076293945,43.5,39.34999847412109,43.5,43.5,163676,BPL Limited
2006-06-01,44.95000076293945,45.70000076293945,44.95000076293945,45.70000076293945,45.70000076293945,72642,BPL Limited
2006-06-02,47.650001525878906,48.0,43.5,47.04999923706055,47.04999923706055,185526,BPL Limited
2006-06-05,47.0,48.5,44.70000076293945,46.29999923706055,46.29999923706055,68058,BPL Limited
2006-06-06,46.0,46.0,44.0,44.09999847412109,44.09999847412109,39684,BPL Limited
2006-06-07,42.20000076293945,43.0,41.900001525878906,41.900001525878906,41.900001525878906,37009,BPL Limited
2006-06-08,39.79999923706055,40.29999923706055,39.79999923706055,39.79999923706055,39.79999923706055,136615,BPL Limited
2006-06-09,37.84999847412109,41.79999923706055,37.84999847412109,41.79999923706055,41.79999923706055,39554,BPL Limited
2006-06-12,41.0,42.25,39.75,39.75,39.75,24605,BPL Limited
2006-06-13,39.0,39.0,37.79999923706055,37.79999923706055,37.79999923706055,3005,BPL Limited
2006-06-14,38.0,39.0,36.0,36.5,36.5,32537,BPL Limited
2006-06-15,34.70000076293945,38.34999847412109,34.70000076293945,38.34999847412109,38.34999847412109,17416,BPL Limited
2006-06-16,40.0,40.29999923706055,38.34999847412109,38.900001525878906,38.900001525878906,29669,BPL Limited
2006-06-19,39.0,40.5,38.09999847412109,40.09999847412109,40.09999847412109,11525,BPL Limited
2006-06-20,38.5,41.5,38.400001525878906,40.04999923706055,40.04999923706055,33659,BPL Limited
2006-06-21,41.0,42.04999923706055,40.0,42.04999923706055,42.04999923706055,22510,BPL Limited
2006-06-22,42.5,44.150001525878906,42.0,43.95000076293945,43.95000076293945,48824,BPL Limited
2006-06-23,41.79999923706055,44.0,41.79999923706055,42.95000076293945,42.95000076293945,13723,BPL Limited
2006-06-26,41.150001525878906,42.75,40.650001525878906,40.650001525878906,40.650001525878906,7952,BPL Limited
2006-06-27,39.5,42.70000076293945,38.650001525878906,38.650001525878906,38.650001525878906,17925,BPL Limited
2006-06-28,38.0,40.0,37.79999923706055,39.29999923706055,39.29999923706055,6503,BPL Limited
2006-06-29,41.25,41.25,39.0,39.09999847412109,39.09999847412109,6724,BPL Limited
2006-06-30,40.79999923706055,40.79999923706055,39.25,39.25,39.25,6252,BPL Limited
2006-07-03,40.0,40.0,37.70000076293945,38.0,38.0,5870,BPL Limited
2006-07-04,38.900001525878906,38.900001525878906,37.54999923706055,37.79999923706055,37.79999923706055,4955,BPL Limited
2006-07-05,39.0,39.70000076293945,38.0,39.70000076293945,39.70000076293945,6088,BPL Limited
2006-07-06,40.900001525878906,41.0,39.04999923706055,39.900001525878906,39.900001525878906,26065,BPL Limited
2006-07-07,39.900001525878906,40.5,37.900001525878906,37.95000076293945,37.95000076293945,18241,BPL Limited
2006-07-10,37.900001525878906,38.29999923706055,37.0,37.5,37.5,11849,BPL Limited
2006-07-11,36.75,38.0,36.650001525878906,37.59999847412109,37.59999847412109,4046,BPL Limited
2006-07-12,36.45000076293945,38.0,36.45000076293945,37.20000076293945,37.20000076293945,6379,BPL Limited
2006-07-13,37.150001525878906,37.70000076293945,36.150001525878906,36.59999847412109,36.59999847412109,12136,BPL Limited
2006-07-14,38.45000076293945,38.45000076293945,36.0,36.59999847412109,36.59999847412109,3359,BPL Limited
2006-07-17,35.0,37.75,35.0,36.09999847412109,36.09999847412109,3754,BPL Limited
2006-07-18,36.09999847412109,36.5,35.04999923706055,35.75,35.75,3702,BPL Limited
2006-07-19,36.5,36.5,34.0,34.150001525878906,34.150001525878906,14271,BPL Limited
2006-07-20,34.20000076293945,34.79999923706055,33.150001525878906,33.599998474121094,33.599998474121094,14813,BPL Limited
2006-07-21,34.25,34.5,32.75,33.0,33.0,7624,BPL Limited
2006-07-24,33.0,34.0,31.5,32.5,32.5,5289,BPL Limited
2006-07-25,32.5,34.0,32.04999923706055,33.25,33.25,4960,BPL Limited
2006-07-26,34.45000076293945,34.45000076293945,34.0,34.099998474121094,34.099998474121094,3627,BPL Limited
2006-07-27,34.0,34.79999923706055,34.0,34.25,34.25,2835,BPL Limited
2006-07-28,34.5,34.5,33.20000076293945,33.29999923706055,33.29999923706055,4609,BPL Limited
2006-07-31,34.95000076293945,35.0,33.79999923706055,34.04999923706055,34.04999923706055,4050,BPL Limited
2006-08-01,34.900001525878906,34.900001525878906,33.29999923706055,33.54999923706055,33.54999923706055,2766,BPL Limited
2006-08-02,33.5,35.25,33.5,35.25,35.25,13726,BPL Limited
2006-08-03,36.5,36.5,35.5,35.75,35.75,9265,BPL Limited
2006-08-04,34.5,35.849998474121094,34.29999923706055,34.45000076293945,34.45000076293945,6526,BPL Limited
2006-08-07,34.099998474121094,35.0,33.25,33.75,33.75,2817,BPL Limited
2006-08-08,34.849998474121094,34.849998474121094,33.45000076293945,34.400001525878906,34.400001525878906,4736,BPL Limited
2006-08-09,33.849998474121094,35.099998474121094,33.849998474121094,34.349998474121094,34.349998474121094,14683,BPL Limited
2006-08-10,35.75,36.04999923706055,35.150001525878906,35.650001525878906,35.650001525878906,6255,BPL Limited
2006-08-11,36.0,36.0,35.29999923706055,35.45000076293945,35.45000076293945,8895,BPL Limited
2006-08-14,36.95000076293945,37.0,35.54999923706055,36.5,36.5,9235,BPL Limited
2006-08-16,36.5,37.650001525878906,36.5,36.70000076293945,36.70000076293945,12791,BPL Limited
2006-08-17,36.09999847412109,36.70000076293945,36.0,36.04999923706055,36.04999923706055,7642,BPL Limited
2006-08-18,36.0,36.5,35.5,35.79999923706055,35.79999923706055,7204,BPL Limited
2006-08-21,36.95000076293945,37.0,36.0,36.04999923706055,36.04999923706055,5475,BPL Limited
2006-08-22,35.650001525878906,36.900001525878906,35.650001525878906,35.849998474121094,35.849998474121094,4254,BPL Limited
2006-08-23,35.25,36.09999847412109,35.25,35.75,35.75,4735,BPL Limited
2006-08-24,35.0,36.400001525878906,34.900001525878906,35.849998474121094,35.849998474121094,17724,BPL Limited
2006-08-25,35.0,37.0,35.0,36.29999923706055,36.29999923706055,10890,BPL Limited
2006-08-28,36.70000076293945,37.20000076293945,36.54999923706055,36.84999847412109,36.84999847412109,13884,BPL Limited
2006-08-29,36.84999847412109,37.09999847412109,35.75,36.400001525878906,36.400001525878906,17505,BPL Limited
2006-08-30,35.54999923706055,36.400001525878906,35.5,35.79999923706055,35.79999923706055,16363,BPL Limited
2006-08-31,35.650001525878906,35.900001525878906,35.20000076293945,35.29999923706055,35.29999923706055,6900,BPL Limited
2006-09-01,35.20000076293945,35.650001525878906,34.79999923706055,35.04999923706055,35.04999923706055,16043,BPL Limited
2006-09-04,35.95000076293945,36.25,34.599998474121094,34.95000076293945,34.95000076293945,11131,BPL Limited
2006-09-05,35.0,36.70000076293945,35.0,36.70000076293945,36.70000076293945,21392,BPL Limited
2006-09-06,36.70000076293945,38.54999923706055,36.70000076293945,38.54999923706055,38.54999923706055,31936,BPL Limited
2006-09-07,39.95000076293945,39.95000076293945,38.5,38.54999923706055,38.54999923706055,36275,BPL Limited
2006-09-08,39.54999923706055,39.54999923706055,38.29999923706055,38.650001525878906,38.650001525878906,20591,BPL Limited
2006-09-11,38.5,39.25,38.5,38.54999923706055,38.54999923706055,32982,BPL Limited
2006-09-12,38.5,39.34999847412109,38.150001525878906,38.900001525878906,38.900001525878906,19424,BPL Limited
2006-09-13,38.75,40.84999847412109,38.75,40.84999847412109,40.84999847412109,24155,BPL Limited
2006-09-14,41.5,41.79999923706055,39.150001525878906,39.29999923706055,39.29999923706055,30151,BPL Limited
2006-09-15,38.79999923706055,39.0,38.5,38.54999923706055,38.54999923706055,10091,BPL Limited
2006-09-18,37.5,39.5,37.5,38.79999923706055,38.79999923706055,20500,BPL Limited
2006-09-19,38.5,39.34999847412109,38.5,38.5,38.5,18069,BPL Limited
2006-09-20,38.59999847412109,38.95000076293945,38.25,38.5,38.5,11843,BPL Limited
2006-09-21,38.59999847412109,39.400001525878906,38.400001525878906,38.54999923706055,38.54999923706055,49303,BPL Limited
2006-09-22,38.5,38.900001525878906,38.5,38.54999923706055,38.54999923706055,6420,BPL Limited
2006-09-25,38.5,38.70000076293945,37.54999923706055,37.59999847412109,37.59999847412109,9796,BPL Limited
2006-09-26,37.70000076293945,38.45000076293945,37.04999923706055,37.400001525878906,37.400001525878906,10587,BPL Limited
2006-09-27,37.04999923706055,41.0,37.04999923706055,40.29999923706055,40.29999923706055,57729,BPL Limited
2006-09-28,40.900001525878906,42.29999923706055,40.25,40.59999847412109,40.59999847412109,42371,BPL Limited
2006-09-29,41.0,42.0,40.0,41.09999847412109,41.09999847412109,30165,BPL Limited
2006-10-03,40.5,41.79999923706055,40.5,41.59999847412109,41.59999847412109,18828,BPL Limited
2006-10-04,41.25,41.59999847412109,40.0,40.59999847412109,40.59999847412109,6795,BPL Limited
2006-10-05,40.25,41.59999847412109,40.25,41.0,41.0,8086,BPL Limited
2006-10-06,40.79999923706055,41.0,39.54999923706055,40.04999923706055,40.04999923706055,33428,BPL Limited
2006-10-09,41.0,44.09999847412109,41.0,44.09999847412109,44.09999847412109,53856,BPL Limited
2006-10-10,45.0,48.54999923706055,45.0,48.54999923706055,48.54999923706055,69475,BPL Limited
2006-10-11,53.45000076293945,53.45000076293945,49.5,53.400001525878906,53.400001525878906,531646,BPL Limited
2006-10-12,53.45000076293945,56.09999847412109,52.650001525878906,54.70000076293945,54.70000076293945,368872,BPL Limited
2006-10-13,55.70000076293945,55.70000076293945,52.0,52.650001525878906,52.650001525878906,149459,BPL Limited
2006-10-16,52.5,55.29999923706055,51.09999847412109,55.29999923706055,55.29999923706055,119141,BPL Limited
2006-10-17,55.5,58.09999847412109,55.5,58.09999847412109,58.09999847412109,251461,BPL Limited
2006-10-18,58.5,61.04999923706055,58.25,61.04999923706055,61.04999923706055,117785,BPL Limited
2006-10-19,62.0,64.0999984741211,58.0,58.0,58.0,192812,BPL Limited
2006-10-20,58.5,58.5,55.09999847412109,55.79999923706055,55.79999923706055,27005,BPL Limited
2006-10-23,59.25,61.54999923706055,59.25,61.54999923706055,61.54999923706055,39199,BPL Limited
2006-10-26,64.6500015258789,64.6500015258789,62.0,63.04999923706055,63.04999923706055,106905,BPL Limited
2006-10-27,63.75,64.5,61.5,61.70000076293945,61.70000076293945,60693,BPL Limited
2006-10-30,63.0,63.900001525878906,59.29999923706055,60.5,60.5,23248,BPL Limited
2006-10-31,60.5,62.400001525878906,58.09999847412109,59.150001525878906,59.150001525878906,26068,BPL Limited
2006-11-01,59.34999847412109,61.0,58.5,59.0,59.0,15223,BPL Limited
2006-11-02,59.0,60.0,57.5,58.0,58.0,27834,BPL Limited
2006-11-03,58.79999923706055,58.79999923706055,56.0,56.34999847412109,56.34999847412109,23063,BPL Limited
2006-11-06,56.5,59.20000076293945,56.5,59.20000076293945,59.20000076293945,17870,BPL Limited
2006-11-07,61.0,62.20000076293945,59.79999923706055,59.95000076293945,59.95000076293945,95907,BPL Limited
2006-11-08,58.25,60.75,56.95000076293945,56.95000076293945,56.95000076293945,17220,BPL Limited
2006-11-09,57.5,59.79999923706055,57.5,59.79999923706055,59.79999923706055,13412,BPL Limited
2006-11-10,61.5,62.79999923706055,60.59999847412109,61.09999847412109,61.09999847412109,70247,BPL Limited
2006-11-13,59.0,63.25,59.0,60.34999847412109,60.34999847412109,19584,BPL Limited
2006-11-14,59.70000076293945,61.0,58.04999923706055,58.79999923706055,58.79999923706055,13882,BPL Limited
2006-11-15,59.0,60.0,56.5,56.84999847412109,56.84999847412109,11555,BPL Limited
2006-11-16,58.75,59.70000076293945,56.5,58.29999923706055,58.29999923706055,64536,BPL Limited
2006-11-17,58.0,58.0,55.400001525878906,55.54999923706055,55.54999923706055,17291,BPL Limited
2006-11-20,56.0,56.0,52.79999923706055,55.84999847412109,55.84999847412109,11088,BPL Limited
2006-11-21,57.5,58.650001525878906,57.0,58.650001525878906,58.650001525878906,17307,BPL Limited
2006-11-22,61.59999847412109,61.59999847412109,60.5,61.59999847412109,61.59999847412109,79702,BPL Limited
2006-11-23,63.900001525878906,64.69999694824219,61.04999923706055,63.900001525878906,63.900001525878906,88367,BPL Limited
2006-11-24,62.5,67.0999984741211,61.79999923706055,67.0999984741211,67.0999984741211,101071,BPL Limited
2006-11-27,70.4000015258789,70.5,66.0999984741211,70.44999694824219,70.44999694824219,328965,BPL Limited
2006-11-28,69.0,74.0,67.0,71.1500015258789,71.1500015258789,222381,BPL Limited
2006-11-29,71.55000305175781,73.19999694824219,69.55000305175781,70.4000015258789,70.4000015258789,104366,BPL Limited
2006-11-30,70.5,71.94999694824219,66.9000015258789,67.8499984741211,67.8499984741211,76514,BPL Limited
2006-12-01,68.69999694824219,71.25,68.1500015258789,71.25,71.25,76487,BPL Limited
2006-12-04,74.8499984741211,74.8499984741211,72.0,74.8499984741211,74.8499984741211,204350,BPL Limited
2006-12-05,78.5999984741211,78.5999984741211,74.9000015258789,75.75,75.75,171611,BPL Limited
2006-12-06,76.80000305175781,78.8499984741211,72.0,72.5,72.5,113611,BPL Limited
2006-12-07,73.0,75.94999694824219,70.0,75.0,75.0,123926,BPL Limited
2006-12-08,75.6500015258789,75.6500015258789,71.25,71.30000305175781,71.30000305175781,116136,BPL Limited
2006-12-11,72.0,72.80000305175781,68.0,68.5999984741211,68.5999984741211,83386,BPL Limited
2006-12-12,68.0,71.75,62.04999923706055,64.5,64.5,85297,BPL Limited
2006-12-13,64.0999984741211,68.0,61.25,65.5999984741211,65.5999984741211,61362,BPL Limited
2006-12-14,66.5,72.19999694824219,66.5,72.19999694824219,72.19999694824219,67127,BPL Limited
2006-12-15,79.44999694824219,79.44999694824219,77.5,79.44999694824219,79.44999694824219,72363,BPL Limited
2006-12-18,86.0,87.4000015258789,78.0,86.75,86.75,474060,BPL Limited
2006-12-19,89.94999694824219,91.0999984741211,85.5,88.69999694824219,88.69999694824219,965222,BPL Limited
2006-12-20,89.69999694824219,90.5,84.30000305175781,85.0,85.0,279976,BPL Limited
2006-12-21,82.05000305175781,89.25,81.0999984741211,88.5,88.5,220868,BPL Limited
2006-12-22,90.05000305175781,92.9499969482422,88.80000305175781,92.9499969482422,92.9499969482422,283271,BPL Limited
2006-12-26,95.0,97.5999984741211,95.0,97.5999984741211,97.5999984741211,168648,BPL Limited
2006-12-27,99.0,102.0,95.0,95.5,95.5,325886,BPL Limited
2006-12-28,97.4000015258789,99.8000030517578,93.0,96.5,96.5,224121,BPL Limited
2006-12-29,97.3000030517578,99.5999984741211,93.5,94.5999984741211,94.5999984741211,103945,BPL Limited
2007-01-02,96.9000015258789,96.9000015258789,90.25,91.75,91.75,26552,BPL Limited
2007-01-03,91.0999984741211,93.0,87.19999694824219,92.1500015258789,92.1500015258789,39387,BPL Limited
2007-01-04,92.5,93.25,87.55000305175781,88.0,88.0,40360,BPL Limited
2007-01-05,90.0,90.8000030517578,84.0,84.8499984741211,84.8499984741211,33940,BPL Limited
2007-01-08,85.0,89.0999984741211,83.25,88.94999694824219,88.94999694824219,40552,BPL Limited
2007-01-09,93.4000015258789,93.4000015258789,84.75,86.55000305175781,86.55000305175781,25885,BPL Limited
2007-01-10,89.0,89.0,85.0,86.05000305175781,86.05000305175781,14471,BPL Limited
2007-01-11,84.19999694824219,89.94999694824219,84.19999694824219,88.5,88.5,25049,BPL Limited
2007-01-12,89.94999694824219,91.0,86.0,87.55000305175781,87.55000305175781,32145,BPL Limited
2007-01-15,88.30000305175781,89.4000015258789,85.8499984741211,86.30000305175781,86.30000305175781,19166,BPL Limited
2007-01-16,87.0,90.6500015258789,86.0,90.6500015258789,90.6500015258789,18621,BPL Limited
2007-01-17,93.8499984741211,95.1999969482422,91.4000015258789,95.0,95.0,49767,BPL Limited
2007-01-18,97.0,99.5,91.0,93.0,93.0,44126,BPL Limited
2007-01-19,93.3000030517578,93.3000030517578,90.0,90.8499984741211,90.8499984741211,19717,BPL Limited
2007-01-22,91.0,92.5,88.0,89.6500015258789,89.6500015258789,12744,BPL Limited
2007-01-23,88.0,89.69999694824219,87.0,87.5999984741211,87.5999984741211,7657,BPL Limited
2007-01-24,91.0,91.0,85.6500015258789,86.80000305175781,86.80000305175781,15334,BPL Limited
2007-01-25,87.0,88.5999984741211,85.5999984741211,87.05000305175781,87.05000305175781,13639,BPL Limited
2007-01-29,86.69999694824219,88.8499984741211,86.0999984741211,87.6500015258789,87.6500015258789,10620,BPL Limited
2007-01-31,89.94999694824219,89.94999694824219,86.0,88.5,88.5,25022,BPL Limited
2007-02-01,88.0,90.0,86.0,86.3499984741211,86.3499984741211,9730,BPL Limited
2007-02-02,89.9000015258789,89.9000015258789,82.0999984741211,85.94999694824219,85.94999694824219,12757,BPL Limited
2007-02-05,83.0,87.5,82.5,85.94999694824219,85.94999694824219,9057,BPL Limited
2007-02-06,82.0,90.25,82.0,85.94999694824219,85.94999694824219,289638,BPL Limited
2007-02-07,87.69999694824219,90.25,86.0,90.25,90.25,321895,BPL Limited
2007-02-08,94.8000030517578,94.8000030517578,92.0,94.8000030517578,94.8000030517578,1030761,BPL Limited
2007-02-09,99.5500030517578,99.5500030517578,99.0,99.5500030517578,99.5500030517578,143233,BPL Limited
2007-02-12,102.0,104.0,94.5999984741211,94.5999984741211,94.5999984741211,61357,BPL Limited
2007-02-13,93.9000015258789,97.25,89.9000015258789,89.9000015258789,89.9000015258789,72012,BPL Limited
2007-02-14,85.44999694824219,85.44999694824219,85.4000015258789,85.4000015258789,85.4000015258789,62038,BPL Limited
2007-02-15,83.5,89.69999694824219,83.5,89.44999694824219,89.44999694824219,56304,BPL Limited
2007-02-19,90.25,93.75,86.3499984741211,87.69999694824219,87.69999694824219,25823,BPL Limited
2007-02-20,90.5,90.5,84.80000305175781,85.1500015258789,85.1500015258789,26046,BPL Limited
2007-02-21,85.0999984741211,87.0,82.55000305175781,85.3499984741211,85.3499984741211,31795,BPL Limited
2007-02-22,86.94999694824219,87.0,81.0999984741211,82.0999984741211,82.0999984741211,22092,BPL Limited
2007-02-23,81.0,81.0,78.0,78.0,78.0,12742,BPL Limited
2007-02-26,75.0,77.0,74.0999984741211,74.0999984741211,74.0999984741211,17698,BPL Limited
2007-02-27,77.0,77.0,70.4000015258789,70.69999694824219,70.69999694824219,30417,BPL Limited
2007-02-28,67.19999694824219,73.94999694824219,67.19999694824219,67.4000015258789,67.4000015258789,33608,BPL Limited
2007-03-01,67.5,70.80000305175781,64.05000305175781,68.80000305175781,68.80000305175781,86964,BPL Limited
2007-03-02,69.80000305175781,72.25,66.5,69.1500015258789,69.1500015258789,55539,BPL Limited
2007-03-05,66.0,66.5,65.69999694824219,65.69999694824219,65.69999694824219,18174,BPL Limited
2007-03-06,63.09999847412109,67.94999694824219,62.45000076293945,63.400001525878906,63.400001525878906,41368,BPL Limited
2007-03-07,65.8499984741211,66.5999984741211,60.25,64.30000305175781,64.30000305175781,103499,BPL Limited
2007-03-08,65.0,65.5,61.400001525878906,64.75,64.75,18344,BPL Limited
2007-03-09,65.0,66.9000015258789,61.75,62.20000076293945,62.20000076293945,117739,BPL Limited
2007-03-12,62.5,64.0,60.20000076293945,61.09999847412109,61.09999847412109,18389,BPL Limited
2007-03-13,60.34999847412109,63.25,60.34999847412109,62.29999923706055,62.29999923706055,21972,BPL Limited
2007-03-14,61.0,61.0,59.20000076293945,59.34999847412109,59.34999847412109,14568,BPL Limited
2007-03-15,60.84999847412109,61.75,56.400001525878906,56.900001525878906,56.900001525878906,37572,BPL Limited
2007-03-16,57.95000076293945,57.95000076293945,54.04999923706055,55.25,55.25,20155,BPL Limited
2007-03-19,56.0,58.04999923706055,54.5,57.900001525878906,57.900001525878906,10368,BPL Limited
2007-03-20,60.0,60.79999923706055,59.59999847412109,60.650001525878906,60.650001525878906,111609,BPL Limited
2007-03-21,62.5,62.5,58.09999847412109,59.400001525878906,59.400001525878906,25170,BPL Limited
2007-03-22,60.0,61.79999923706055,58.5,58.84999847412109,58.84999847412109,73733,BPL Limited
2007-03-23,59.75,60.5,56.5,57.75,57.75,23501,BPL Limited
2007-03-26,56.900001525878906,59.45000076293945,54.900001525878906,55.34999847412109,55.34999847412109,48818,BPL Limited
2007-03-28,53.09999847412109,54.84999847412109,52.59999847412109,53.150001525878906,53.150001525878906,37841,BPL Limited
2007-03-29,53.54999923706055,55.84999847412109,53.54999923706055,55.84999847412109,55.84999847412109,12629,BPL Limited
2007-03-30,58.59999847412109,58.650001525878906,56.5,58.650001525878906,58.650001525878906,16209,BPL Limited
2007-04-02,58.75,58.75,55.75,56.04999923706055,56.04999923706055,21937,BPL Limited
2007-04-03,57.79999923706055,57.79999923706055,54.09999847412109,54.400001525878906,54.400001525878906,20083,BPL Limited
2007-04-04,55.900001525878906,57.0,55.54999923706055,56.25,56.25,22926,BPL Limited
2007-04-05,57.0,57.0,55.0,55.79999923706055,55.79999923706055,11429,BPL Limited
2007-04-09,58.29999923706055,58.59999847412109,55.04999923706055,58.5,58.5,32626,BPL Limited
2007-04-10,60.0,62.5,57.20000076293945,59.25,59.25,106193,BPL Limited
2007-04-11,61.5,65.19999694824219,60.0,65.19999694824219,65.19999694824219,83672,BPL Limited
2007-04-12,66.0,69.9000015258789,64.25,66.6500015258789,66.6500015258789,113029,BPL Limited
2007-04-13,67.69999694824219,70.5,66.05000305175781,68.55000305175781,68.55000305175781,48897,BPL Limited
2007-04-16,69.19999694824219,70.5,66.0,66.5999984741211,66.5999984741211,34948,BPL Limited
2007-04-17,66.1500015258789,66.1500015258789,63.29999923706055,63.34999847412109,63.34999847412109,63463,BPL Limited
2007-04-18,63.29999923706055,64.0,61.20000076293945,61.84999847412109,61.84999847412109,41471,BPL Limited
2007-04-19,61.95000076293945,64.94999694824219,61.95000076293945,64.94999694824219,64.94999694824219,71217,BPL Limited
2007-04-20,67.0,68.19999694824219,65.5999984741211,68.19999694824219,68.19999694824219,148014,BPL Limited
2007-04-23,70.0,70.69999694824219,65.05000305175781,66.19999694824219,66.19999694824219,48133,BPL Limited
2007-04-24,66.4000015258789,68.25,65.19999694824219,67.5,67.5,42353,BPL Limited
2007-04-25,67.94999694824219,68.0,65.55000305175781,66.69999694824219,66.69999694824219,69863,BPL Limited
2007-04-26,67.94999694824219,68.0,64.0,64.9000015258789,64.9000015258789,18561,BPL Limited
2007-04-27,64.19999694824219,66.0,62.0,62.400001525878906,62.400001525878906,26686,BPL Limited
2007-04-30,63.900001525878906,63.900001525878906,61.25,61.95000076293945,61.95000076293945,16592,BPL Limited
2007-05-03,62.5,65.0,62.5,63.0,63.0,17242,BPL Limited
2007-05-04,64.9000015258789,66.1500015258789,62.75,66.1500015258789,66.1500015258789,26874,BPL Limited
2007-05-07,69.0,69.5,65.25,66.0,66.0,84161,BPL Limited
2007-05-08,68.9000015258789,69.30000305175781,67.05000305175781,67.69999694824219,67.69999694824219,147439,BPL Limited
2007-05-09,68.44999694824219,68.44999694824219,65.19999694824219,67.8499984741211,67.8499984741211,46308,BPL Limited
2007-05-10,68.5,70.75,65.25,65.69999694824219,65.69999694824219,37593,BPL Limited
2007-05-11,63.29999923706055,67.0,63.29999923706055,65.3499984741211,65.3499984741211,41787,BPL Limited
2007-05-14,67.8499984741211,67.8499984741211,64.5,65.6500015258789,65.6500015258789,14437,BPL Limited
2007-05-15,66.75,66.75,63.5,65.3499984741211,65.3499984741211,53959,BPL Limited
2007-05-16,65.55000305175781,66.6500015258789,65.05000305175781,66.19999694824219,66.19999694824219,19895,BPL Limited
2007-05-17,66.5,66.9000015258789,65.55000305175781,65.69999694824219,65.69999694824219,32379,BPL Limited
2007-05-18,66.5,68.94999694824219,65.69999694824219,66.6500015258789,66.6500015258789,27397,BPL Limited
2007-05-21,67.19999694824219,69.94999694824219,66.69999694824219,67.6500015258789,67.6500015258789,47919,BPL Limited
2007-05-22,66.5999984741211,69.4000015258789,66.5999984741211,68.69999694824219,68.69999694824219,31119,BPL Limited
2007-05-23,69.3499984741211,69.80000305175781,68.0,68.0999984741211,68.0999984741211,24371,BPL Limited
2007-05-24,68.8499984741211,69.69999694824219,66.3499984741211,66.94999694824219,66.94999694824219,8397,BPL Limited
2007-05-25,67.4000015258789,67.44999694824219,65.0999984741211,66.3499984741211,66.3499984741211,38526,BPL Limited
2007-05-28,66.94999694824219,68.44999694824219,65.55000305175781,67.0,67.0,60208,BPL Limited
2007-05-29,65.75,68.5,65.75,67.05000305175781,67.05000305175781,31064,BPL Limited
2007-05-30,67.44999694824219,67.80000305175781,65.80000305175781,66.4000015258789,66.4000015258789,26723,BPL Limited
2007-05-31,67.69999694824219,68.5,64.75,65.30000305175781,65.30000305175781,31174,BPL Limited
2007-06-01,66.25,67.5,63.09999847412109,65.19999694824219,65.19999694824219,12650,BPL Limited
2007-06-04,64.3499984741211,66.0,64.0,64.19999694824219,64.19999694824219,14668,BPL Limited
2007-06-05,65.05000305175781,67.44999694824219,64.5,67.44999694824219,67.44999694824219,41972,BPL Limited
2007-06-06,68.9000015258789,70.0,64.6500015258789,65.19999694824219,65.19999694824219,68806,BPL Limited
2007-06-07,65.0,66.5,64.5,65.19999694824219,65.19999694824219,18683,BPL Limited
2007-06-08,64.5,67.0,62.59999847412109,63.59999847412109,63.59999847412109,24719,BPL Limited
2007-06-11,65.0,65.9000015258789,63.09999847412109,63.54999923706055,63.54999923706055,13943,BPL Limited
2007-06-12,64.30000305175781,64.4000015258789,62.09999847412109,62.45000076293945,62.45000076293945,11339,BPL Limited
2007-06-13,63.25,64.75,60.70000076293945,61.29999923706055,61.29999923706055,18046,BPL Limited
2007-06-14,62.5,63.25,61.04999923706055,61.59999847412109,61.59999847412109,13106,BPL Limited
2007-06-15,62.0,62.25,60.09999847412109,60.84999847412109,60.84999847412109,20752,BPL Limited
2007-06-18,61.04999923706055,61.75,60.0,60.29999923706055,60.29999923706055,9475,BPL Limited
2007-06-19,60.04999923706055,61.0,59.34999847412109,59.84999847412109,59.84999847412109,17454,BPL Limited
2007-06-20,60.84999847412109,60.84999847412109,59.0,59.75,59.75,23077,BPL Limited
2007-06-21,60.45000076293945,60.45000076293945,59.150001525878906,59.5,59.5,12236,BPL Limited
2007-06-22,59.20000076293945,59.70000076293945,58.0,58.34999847412109,58.34999847412109,16451,BPL Limited
2007-06-25,59.0,59.0,57.0,57.54999923706055,57.54999923706055,15695,BPL Limited
2007-06-26,57.900001525878906,57.95000076293945,55.0,55.45000076293945,55.45000076293945,40049,BPL Limited
2007-06-27,55.900001525878906,56.0,54.04999923706055,54.75,54.75,25995,BPL Limited
2007-06-28,55.70000076293945,57.5,54.25,56.95000076293945,56.95000076293945,48492,BPL Limited
2007-06-29,58.0,58.400001525878906,56.29999923706055,57.5,57.5,30666,BPL Limited
2007-07-02,59.650001525878906,59.650001525878906,57.04999923706055,57.79999923706055,57.79999923706055,20147,BPL Limited
2007-07-03,58.150001525878906,58.45000076293945,56.75,57.29999923706055,57.29999923706055,10965,BPL Limited
2007-07-04,57.04999923706055,57.5,56.5,56.70000076293945,56.70000076293945,7029,BPL Limited
2007-07-05,56.25,57.5,55.0,55.79999923706055,55.79999923706055,8396,BPL Limited
2007-07-06,55.79999923706055,58.5,55.20000076293945,57.29999923706055,57.29999923706055,33350,BPL Limited
2007-07-09,57.59999847412109,58.0,56.79999923706055,57.150001525878906,57.150001525878906,22340,BPL Limited
2007-07-10,57.25,58.20000076293945,55.70000076293945,56.0,56.0,9902,BPL Limited
2007-07-11,55.04999923706055,58.0,51.59999847412109,56.34999847412109,56.34999847412109,11730,BPL Limited
2007-07-12,56.09999847412109,62.0,55.20000076293945,62.0,62.0,54468,BPL Limited
2007-07-13,64.25,65.69999694824219,59.5,60.84999847412109,60.84999847412109,120737,BPL Limited
2007-07-16,60.0,62.5,59.09999847412109,61.45000076293945,61.45000076293945,45540,BPL Limited
2007-07-17,62.84999847412109,62.84999847412109,57.5,59.45000076293945,59.45000076293945,85874,BPL Limited
2007-07-18,61.5,61.5,58.0,58.650001525878906,58.650001525878906,20555,BPL Limited
2007-07-19,58.09999847412109,60.59999847412109,57.59999847412109,58.20000076293945,58.20000076293945,25733,BPL Limited
2007-07-20,59.0,59.84999847412109,55.650001525878906,56.5,56.5,24458,BPL Limited
2007-07-23,57.04999923706055,57.84999847412109,55.5,55.70000076293945,55.70000076293945,85349,BPL Limited
2007-07-24,56.5,58.95000076293945,55.0,55.54999923706055,55.54999923706055,112307,BPL Limited
2007-07-25,55.04999923706055,56.29999923706055,54.29999923706055,55.400001525878906,55.400001525878906,21040,BPL Limited
2007-07-26,54.5,55.95000076293945,54.0,54.79999923706055,54.79999923706055,12229,BPL Limited
2007-07-27,54.04999923706055,55.0,53.0,53.54999923706055,53.54999923706055,22321,BPL Limited
2007-07-30,52.79999923706055,54.5,52.5,53.54999923706055,53.54999923706055,25368,BPL Limited
2007-07-31,56.0,56.0,53.5,54.25,54.25,14781,BPL Limited
2007-08-01,54.0,54.0,50.0,50.900001525878906,50.900001525878906,36882,BPL Limited
2007-08-02,53.0,53.0,49.59999847412109,50.150001525878906,50.150001525878906,22865,BPL Limited
2007-08-03,52.79999923706055,52.900001525878906,49.75,50.75,50.75,26946,BPL Limited
2007-08-06,50.0,52.84999847412109,48.0,51.5,51.5,20486,BPL Limited
2007-08-07,52.0,52.5,50.5,50.650001525878906,50.650001525878906,10093,BPL Limited
2007-08-08,51.900001525878906,51.900001525878906,50.09999847412109,50.400001525878906,50.400001525878906,22342,BPL Limited
2007-08-09,51.0,51.0,48.650001525878906,49.650001525878906,49.650001525878906,19546,BPL Limited
2007-08-10,48.400001525878906,49.29999923706055,47.79999923706055,48.79999923706055,48.79999923706055,19099,BPL Limited
2007-08-13,49.650001525878906,53.5,47.84999847412109,51.20000076293945,51.20000076293945,33742,BPL Limited
2007-08-14,51.59999847412109,53.25,51.20000076293945,51.54999923706055,51.54999923706055,27081,BPL Limited
2007-08-16,51.0,52.0,48.45000076293945,50.34999847412109,50.34999847412109,11972,BPL Limited
2007-08-17,50.0,50.75,46.0,47.900001525878906,47.900001525878906,28434,BPL Limited
2007-08-20,48.04999923706055,50.0,47.5,48.84999847412109,48.84999847412109,34800,BPL Limited
2007-08-21,47.54999923706055,48.84999847412109,45.150001525878906,46.0,46.0,9883,BPL Limited
2007-08-22,50.0,50.0,43.5,44.29999923706055,44.29999923706055,17237,BPL Limited
2007-08-23,45.79999923706055,46.0,42.79999923706055,43.20000076293945,43.20000076293945,37586,BPL Limited
2007-08-24,45.0,46.0,42.54999923706055,45.20000076293945,45.20000076293945,83056,BPL Limited
2007-08-27,47.0,47.5,45.95000076293945,47.04999923706055,47.04999923706055,53733,BPL Limited
2007-08-28,46.70000076293945,47.34999847412109,45.5,45.95000076293945,45.95000076293945,20946,BPL Limited
2007-08-29,45.0,46.0,44.59999847412109,45.0,45.0,24533,BPL Limited
2007-08-30,45.900001525878906,46.0,45.0,45.29999923706055,45.29999923706055,47956,BPL Limited
2007-08-31,45.5,45.5,44.75,45.0,45.0,65933,BPL Limited
2007-09-03,46.0,46.0,45.0,45.5,45.5,39468,BPL Limited
2007-09-04,46.95000076293945,46.95000076293945,45.5,45.75,45.75,26153,BPL Limited
2007-09-05,46.5,46.5,44.54999923706055,44.900001525878906,44.900001525878906,43056,BPL Limited
2007-09-06,45.09999847412109,49.400001525878906,45.04999923706055,49.400001525878906,49.400001525878906,39483,BPL Limited
2007-09-07,50.0,59.29999923706055,50.0,59.29999923706055,59.29999923706055,754851,BPL Limited
2007-09-10,59.900001525878906,70.0,58.900001525878906,68.19999694824219,68.19999694824219,3025530,BPL Limited
2007-09-11,69.4000015258789,69.6500015258789,63.75,64.69999694824219,64.69999694824219,756515,BPL Limited
2007-09-12,65.5,69.25,62.29999923706055,66.55000305175781,66.55000305175781,783504,BPL Limited
2007-09-13,67.44999694824219,67.44999694824219,63.0,64.1500015258789,64.1500015258789,199020,BPL Limited
2007-09-14,65.80000305175781,65.80000305175781,59.75,60.45000076293945,60.45000076293945,157160,BPL Limited
2007-09-17,62.900001525878906,62.900001525878906,60.0,60.400001525878906,60.400001525878906,101015,BPL Limited
2007-09-18,60.09999847412109,60.95000076293945,58.20000076293945,58.79999923706055,58.79999923706055,104467,BPL Limited
2007-09-19,62.900001525878906,62.900001525878906,58.54999923706055,59.25,59.25,74544,BPL Limited
2007-09-20,54.0,60.25,54.0,57.150001525878906,57.150001525878906,63909,BPL Limited
2007-09-21,58.0,58.0,54.29999923706055,54.900001525878906,54.900001525878906,44111,BPL Limited
2007-09-24,55.0,56.70000076293945,54.900001525878906,56.5,56.5,34092,BPL Limited
2007-09-25,55.0,57.45000076293945,55.0,55.84999847412109,55.84999847412109,22759,BPL Limited
2007-09-26,56.900001525878906,58.0,55.5,56.45000076293945,56.45000076293945,34382,BPL Limited
2007-09-27,58.79999923706055,58.79999923706055,55.5,56.84999847412109,56.84999847412109,32691,BPL Limited
2007-09-28,55.29999923706055,57.650001525878906,55.0,55.900001525878906,55.900001525878906,34047,BPL Limited
2007-10-01,56.95000076293945,57.0,54.09999847412109,54.900001525878906,54.900001525878906,36426,BPL Limited
2007-10-03,56.0,56.0,52.59999847412109,53.5,53.5,45479,BPL Limited
2007-10-04,54.0,54.75,52.20000076293945,53.650001525878906,53.650001525878906,19428,BPL Limited
2007-10-05,52.5,53.5,51.54999923706055,51.70000076293945,51.70000076293945,19515,BPL Limited
2007-10-08,52.0,52.0,49.150001525878906,49.59999847412109,49.59999847412109,28603,BPL Limited
2007-10-09,48.0,50.900001525878906,47.150001525878906,50.0,50.0,32692,BPL Limited
2007-10-10,50.0,52.5,49.5,50.45000076293945,50.45000076293945,25068,BPL Limited
2007-10-11,50.0,52.0,48.900001525878906,49.25,49.25,15864,BPL Limited
2007-10-12,47.75,50.0,47.0,47.45000076293945,47.45000076293945,45209,BPL Limited
2007-10-15,49.09999847412109,49.5,47.5,47.84999847412109,47.84999847412109,14499,BPL Limited
2007-10-16,46.04999923706055,48.5,46.04999923706055,47.20000076293945,47.20000076293945,20476,BPL Limited
2007-10-17,47.0,47.0,44.84999847412109,45.0,45.0,59391,BPL Limited
2007-10-18,45.75,47.25,45.0,45.25,45.25,25397,BPL Limited
2007-10-19,46.25,46.25,43.0,44.150001525878906,44.150001525878906,25341,BPL Limited
2007-10-22,43.0,45.0,42.5,44.29999923706055,44.29999923706055,12257,BPL Limited
2007-10-23,45.0,46.54999923706055,45.0,46.54999923706055,46.54999923706055,27059,BPL Limited
2007-10-24,48.70000076293945,48.900001525878906,47.0,48.04999923706055,48.04999923706055,46010,BPL Limited
2007-10-25,47.0,48.79999923706055,46.5,46.84999847412109,46.84999847412109,12674,BPL Limited
2007-10-26,46.0,49.0,45.20000076293945,47.95000076293945,47.95000076293945,31474,BPL Limited
2007-10-29,49.900001525878906,50.20000076293945,47.20000076293945,47.79999923706055,47.79999923706055,17550,BPL Limited
2007-10-30,48.0,49.0,46.0,46.20000076293945,46.20000076293945,16758,BPL Limited
2007-10-31,48.0,48.0,46.0,46.45000076293945,46.45000076293945,25598,BPL Limited
2007-11-01,46.0,48.5,44.54999923706055,45.25,45.25,16000,BPL Limited
2007-11-02,44.59999847412109,46.34999847412109,43.0,44.900001525878906,44.900001525878906,18944,BPL Limited
2007-11-05,45.20000076293945,47.150001525878906,43.04999923706055,47.150001525878906,47.150001525878906,17137,BPL Limited
2007-11-06,49.34999847412109,49.54999923706055,48.04999923706055,49.54999923706055,49.54999923706055,26445,BPL Limited
2007-11-07,52.0,52.0,47.25,48.25,48.25,16000,BPL Limited
2007-11-08,48.09999847412109,48.25,46.09999847412109,46.54999923706055,46.54999923706055,12393,BPL Limited
2007-11-12,48.0,50.150001525878906,46.09999847412109,50.150001525878906,50.150001525878906,25301,BPL Limited
2007-11-13,52.0,52.70000076293945,50.79999923706055,52.70000076293945,52.70000076293945,39288,BPL Limited
2007-11-14,54.5,55.34999847412109,52.5,52.900001525878906,52.900001525878906,52487,BPL Limited
2007-11-15,55.0,55.0,50.25,51.29999923706055,51.29999923706055,55947,BPL Limited
2007-11-16,51.29999923706055,53.900001525878906,51.29999923706055,53.900001525878906,53.900001525878906,9815,BPL Limited
2007-11-19,56.59999847412109,56.59999847412109,56.59999847412109,56.59999847412109,56.59999847412109,18949,BPL Limited
2007-11-20,59.45000076293945,59.45000076293945,55.09999847412109,57.70000076293945,57.70000076293945,89960,BPL Limited
2007-11-21,57.0,58.59999847412109,54.84999847412109,54.84999847412109,54.84999847412109,34109,BPL Limited
2007-11-22,53.5,54.900001525878906,52.150001525878906,54.150001525878906,54.150001525878906,42551,BPL Limited
2007-11-23,54.75,55.0,52.25,52.95000076293945,52.95000076293945,13381,BPL Limited
2007-11-26,54.5,55.59999847412109,53.34999847412109,55.09999847412109,55.09999847412109,26676,BPL Limited
2007-11-27,55.0,57.900001525878906,53.04999923706055,56.70000076293945,56.70000076293945,39851,BPL Limited
2007-11-28,59.34999847412109,59.54999923706055,58.04999923706055,59.54999923706055,59.54999923706055,68591,BPL Limited
2007-11-29,61.900001525878906,62.54999923706055,61.900001525878906,62.54999923706055,62.54999923706055,53283,BPL Limited
2007-11-30,62.0,65.69999694824219,59.45000076293945,62.04999923706055,62.04999923706055,93794,BPL Limited
2007-12-03,64.5,65.1500015258789,63.0,65.1500015258789,65.1500015258789,82712,BPL Limited
2007-12-04,68.44999694824219,68.44999694824219,66.0,68.44999694824219,68.44999694824219,111522,BPL Limited
2007-12-05,71.5,71.9000015258789,71.0999984741211,71.9000015258789,71.9000015258789,69015,BPL Limited
2007-12-06,75.5,75.5,75.5,75.5,75.5,32676,BPL Limited
2007-12-07,79.30000305175781,79.30000305175781,76.0,79.30000305175781,79.30000305175781,757925,BPL Limited
2007-12-10,82.4000015258789,83.30000305175781,82.4000015258789,83.30000305175781,83.30000305175781,229059,BPL Limited
2007-12-11,87.5,87.5,87.5,87.5,87.5,19987,BPL Limited
2007-12-12,91.9000015258789,91.9000015258789,90.0999984741211,91.9000015258789,91.9000015258789,257499,BPL Limited
2007-12-13,96.5,96.5,96.5,96.5,96.5,29313,BPL Limited
2007-12-14,101.3499984741211,101.3499984741211,91.6999969482422,101.3499984741211,101.3499984741211,1300523,BPL Limited
2007-12-17,104.4000015258789,106.4499969482422,96.3000030517578,96.3000030517578,96.3000030517578,697236,BPL Limited
2007-12-18,96.3000030517578,97.9000015258789,91.5,93.6999969482422,93.6999969482422,437784,BPL Limited
2007-12-19,95.25,98.0999984741211,94.5,97.6999969482422,97.6999969482422,872340,BPL Limited
2007-12-20,102.5999984741211,102.5999984741211,92.8499984741211,93.1999969482422,93.1999969482422,194308,BPL Limited
2007-12-24,93.1999969482422,97.9000015258789,93.1999969482422,97.75,97.75,162779,BPL Limited
2007-12-26,102.5,102.6500015258789,98.0500030517578,102.6500015258789,102.6500015258789,198454,BPL Limited
2007-12-27,106.0,107.8000030517578,106.0,107.8000030517578,107.8000030517578,87500,BPL Limited
2007-12-28,113.1999969482422,113.1999969482422,105.0,113.1999969482422,113.1999969482422,516127,BPL Limited
2007-12-31,117.9000015258789,118.9000015258789,117.9000015258789,118.9000015258789,118.9000015258789,23837,BPL Limited
2008-01-01,124.8499984741211,124.8499984741211,124.8499984741211,124.8499984741211,124.8499984741211,27316,BPL Limited
2008-01-02,131.10000610351562,131.10000610351562,131.10000610351562,131.10000610351562,131.10000610351562,26183,BPL Limited
2008-01-03,136.39999389648438,137.6999969482422,136.39999389648438,137.6999969482422,137.6999969482422,34774,BPL Limited
2008-01-04,144.60000610351562,144.60000610351562,144.60000610351562,144.60000610351562,144.60000610351562,36929,BPL Limited
2008-01-07,151.8000030517578,151.85000610351562,146.0,151.85000610351562,151.85000610351562,354540,BPL Limited
2008-01-08,159.4499969482422,159.4499969482422,144.3000030517578,159.4499969482422,159.4499969482422,498922,BPL Limited
2008-01-09,164.39999389648438,167.4499969482422,151.60000610351562,167.4499969482422,167.4499969482422,422897,BPL Limited
2008-01-10,175.75,175.8000030517578,159.10000610351562,159.10000610351562,159.10000610351562,196344,BPL Limited
2008-01-11,151.14999389648438,151.14999389648438,151.14999389648438,151.14999389648438,151.14999389648438,12296,BPL Limited
2008-01-14,143.60000610351562,143.60000610351562,143.60000610351562,143.60000610351562,143.60000610351562,8749,BPL Limited
2008-01-15,137.60000610351562,150.8000030517578,136.4499969482422,141.0,141.0,260494,BPL Limited
2008-01-16,133.25,143.0,133.1999969482422,139.0,139.0,121297,BPL Limited
2008-01-17,134.0,143.14999389648438,132.0,143.14999389648438,143.14999389648438,72971,BPL Limited
2008-01-18,140.0,144.0,136.0,136.0,136.0,59839,BPL Limited
2008-01-21,129.1999969482422,131.5,129.1999969482422,129.1999969482422,129.1999969482422,22923,BPL Limited
2008-01-22,122.75,122.75,122.75,122.75,122.75,594,BPL Limited
2008-01-23,116.6500015258789,116.6500015258789,116.6500015258789,116.6500015258789,116.6500015258789,1634,BPL Limited
2008-01-24,110.8499984741211,110.8499984741211,110.8499984741211,110.8499984741211,110.8499984741211,2656,BPL Limited
2008-01-25,105.4000015258789,105.4000015258789,105.3499984741211,105.3499984741211,105.3499984741211,13442,BPL Limited
2008-01-28,100.0999984741211,100.0999984741211,100.0999984741211,100.0999984741211,100.0999984741211,1312,BPL Limited
2008-01-29,95.0999984741211,105.0,95.0999984741211,95.0999984741211,95.0999984741211,84065,BPL Limited
2008-01-30,90.4000015258789,90.4000015258789,90.3499984741211,90.3499984741211,90.3499984741211,8463,BPL Limited
2008-01-31,85.9000015258789,85.9000015258789,85.8499984741211,85.8499984741211,85.8499984741211,11781,BPL Limited
2008-02-01,81.5999984741211,81.5999984741211,81.5999984741211,81.5999984741211,81.5999984741211,5271,BPL Limited
2008-02-04,78.0999984741211,85.69999694824219,77.55000305175781,85.69999694824219,85.69999694824219,53216,BPL Limited
2008-02-05,88.80000305175781,90.0,83.0,90.0,90.0,20937,BPL Limited
2008-02-06,94.5,94.5,85.5,94.5,94.5,48622,BPL Limited
2008-02-07,99.25,99.25,89.80000305175781,89.80000305175781,89.80000305175781,89794,BPL Limited
2008-02-08,87.0999984741211,88.9000015258789,85.3499984741211,85.3499984741211,85.3499984741211,9957,BPL Limited
2008-02-11,81.0999984741211,81.0999984741211,81.0999984741211,81.0999984741211,81.0999984741211,2129,BPL Limited
2008-02-12,77.05000305175781,77.05000305175781,77.05000305175781,77.05000305175781,77.05000305175781,5160,BPL Limited
2008-02-13,73.19999694824219,73.19999694824219,73.19999694824219,73.19999694824219,73.19999694824219,2552,BPL Limited
2008-02-14,69.55000305175781,75.0,69.55000305175781,75.0,75.0,92075,BPL Limited
2008-02-15,74.0,74.1500015258789,67.0999984741211,74.1500015258789,74.1500015258789,55866,BPL Limited
2008-02-18,77.0,77.9000015258789,73.0,77.9000015258789,77.9000015258789,39123,BPL Limited
2008-02-19,80.0,80.0,73.9000015258789,73.9000015258789,73.9000015258789,28044,BPL Limited
2008-02-20,71.5,71.5,70.19999694824219,70.19999694824219,70.19999694824219,12368,BPL Limited
2008-02-21,70.0,72.0,66.69999694824219,72.0,72.0,52807,BPL Limited
2008-02-22,69.0,69.0999984741211,65.94999694824219,65.94999694824219,65.94999694824219,50804,BPL Limited
2008-02-25,65.0,65.0,62.650001525878906,62.650001525878906,62.650001525878906,50178,BPL Limited
2008-02-26,65.5,66.9000015258789,62.150001525878906,63.84999847412109,63.84999847412109,55163,BPL Limited
2008-02-27,64.5,66.5999984741211,64.0,66.5999984741211,66.5999984741211,34793,BPL Limited
2008-02-28,69.0,69.8499984741211,64.3499984741211,67.9000015258789,67.9000015258789,48065,BPL Limited
2008-02-29,69.5,69.5,64.44999694824219,64.44999694824219,64.44999694824219,84930,BPL Limited
2008-03-03,64.0,65.44999694824219,61.25,61.25,61.25,22871,BPL Limited
2008-03-04,62.150001525878906,62.150001525878906,58.20000076293945,58.20000076293945,58.20000076293945,8241,BPL Limited
2008-03-05,55.29999923706055,55.29999923706055,55.29999923706055,55.29999923706055,55.29999923706055,7506,BPL Limited
2008-03-07,52.54999923706055,52.54999923706055,52.54999923706055,52.54999923706055,52.54999923706055,14085,BPL Limited
2008-03-10,49.95000076293945,49.95000076293945,49.95000076293945,49.95000076293945,49.95000076293945,10344,BPL Limited
2008-03-11,47.45000076293945,52.45000076293945,47.45000076293945,52.45000076293945,52.45000076293945,228420,BPL Limited
2008-03-12,55.09999847412109,55.09999847412109,49.84999847412109,49.84999847412109,49.84999847412109,118109,BPL Limited
2008-03-13,47.400001525878906,50.900001525878906,47.400001525878906,47.400001525878906,47.400001525878906,16770,BPL Limited
2008-03-14,45.04999923706055,48.900001525878906,45.04999923706055,46.900001525878906,46.900001525878906,113122,BPL Limited
2008-03-17,44.70000076293945,45.0,44.54999923706055,44.54999923706055,44.54999923706055,16863,BPL Limited
2008-03-18,42.34999847412109,44.79999923706055,42.34999847412109,42.34999847412109,42.34999847412109,33398,BPL Limited
2008-03-19,44.0,44.0,40.25,40.25,40.25,53604,BPL Limited
2008-03-24,38.29999923706055,38.75,38.25,38.25,38.25,17131,BPL Limited
2008-03-25,36.70000076293945,39.75,36.34999847412109,36.900001525878906,36.900001525878906,757245,BPL Limited
2008-03-26,38.400001525878906,38.75,36.650001525878906,37.29999923706055,37.29999923706055,241714,BPL Limited
2008-03-27,37.79999923706055,39.20000076293945,37.0,39.20000076293945,39.20000076293945,68235,BPL Limited
2008-03-28,41.20000076293945,41.20000076293945,41.20000076293945,41.20000076293945,41.20000076293945,13217,BPL Limited
2008-03-31,43.29999923706055,43.29999923706055,43.29999923706055,43.29999923706055,43.29999923706055,19323,BPL Limited
2008-04-01,45.5,45.5,42.29999923706055,45.45000076293945,45.45000076293945,370423,BPL Limited
2008-04-02,47.400001525878906,47.75,46.0,47.29999923706055,47.29999923706055,197307,BPL Limited
2008-04-03,48.0,48.09999847412109,44.95000076293945,44.95000076293945,44.95000076293945,77896,BPL Limited
2008-04-04,43.09999847412109,44.0,42.70000076293945,43.0,43.0,111860,BPL Limited
2008-04-07,42.70000076293945,44.150001525878906,40.84999847412109,43.59999847412109,43.59999847412109,48883,BPL Limited
2008-04-08,44.0,45.79999923706055,42.70000076293945,45.79999923706055,45.79999923706055,53589,BPL Limited
2008-04-09,47.45000076293945,48.09999847412109,46.20000076293945,48.09999847412109,48.09999847412109,229859,BPL Limited
2008-04-10,49.20000076293945,50.54999923706055,47.0,47.59999847412109,47.59999847412109,286553,BPL Limited
2008-04-11,48.900001525878906,49.650001525878906,45.29999923706055,46.400001525878906,46.400001525878906,143249,BPL Limited
2008-04-15,46.400001525878906,48.75,45.09999847412109,48.75,48.75,82069,BPL Limited
2008-04-16,51.20000076293945,51.20000076293945,49.20000076293945,49.79999923706055,49.79999923706055,281786,BPL Limited
2008-04-17,51.900001525878906,51.900001525878906,48.0,49.0,49.0,84019,BPL Limited
2008-04-21,50.75,51.45000076293945,48.09999847412109,51.45000076293945,51.45000076293945,294901,BPL Limited
2008-04-22,50.04999923706055,53.70000076293945,50.04999923706055,51.59999847412109,51.59999847412109,118216,BPL Limited
2008-04-23,51.25,52.900001525878906,49.29999923706055,50.09999847412109,50.09999847412109,145388,BPL Limited
2008-04-24,51.45000076293945,51.5,48.04999923706055,48.34999847412109,48.34999847412109,109078,BPL Limited
2008-04-25,49.70000076293945,50.79999923706055,48.09999847412109,50.79999923706055,50.79999923706055,105954,BPL Limited
2008-04-28,53.34999847412109,53.34999847412109,53.25,53.34999847412109,53.34999847412109,47802,BPL Limited
2008-04-29,56.04999923706055,56.04999923706055,56.04999923706055,56.04999923706055,56.04999923706055,19549,BPL Limited
2008-04-30,58.84999847412109,58.84999847412109,58.84999847412109,58.84999847412109,58.84999847412109,24443,BPL Limited
2008-05-02,61.79999923706055,61.79999923706055,56.70000076293945,61.75,61.75,603001,BPL Limited
2008-05-05,64.8499984741211,64.8499984741211,61.0,62.150001525878906,62.150001525878906,512864,BPL Limited
2008-05-06,62.0,64.3499984741211,59.5,60.150001525878906,60.150001525878906,276581,BPL Limited
2008-05-07,60.0,62.400001525878906,58.25,61.29999923706055,61.29999923706055,113849,BPL Limited
2008-05-08,58.59999847412109,64.4000015258789,58.59999847412109,64.3499984741211,64.3499984741211,596915,BPL Limited
2008-05-09,63.5,67.5999984741211,61.150001525878906,62.150001525878906,62.150001525878906,333165,BPL Limited
2008-05-12,61.25,62.84999847412109,59.04999923706055,59.29999923706055,59.29999923706055,177872,BPL Limited
2008-05-13,60.900001525878906,62.29999923706055,57.5,58.650001525878906,58.650001525878906,207530,BPL Limited
2008-05-14,59.79999923706055,59.79999923706055,55.75,56.25,56.25,161859,BPL Limited
2008-05-15,56.29999923706055,59.09999847412109,56.0,57.70000076293945,57.70000076293945,166321,BPL Limited
2008-05-16,57.0,59.0,57.0,57.900001525878906,57.900001525878906,28271,BPL Limited
2008-05-20,57.0,58.400001525878906,56.79999923706055,57.5,57.5,21960,BPL Limited
2008-05-21,55.09999847412109,57.5,55.09999847412109,57.5,57.5,24458,BPL Limited
2008-05-22,56.150001525878906,57.5,55.5,55.59999847412109,55.59999847412109,25571,BPL Limited
2008-05-23,56.5,58.75,56.29999923706055,56.29999923706055,56.29999923706055,89308,BPL Limited
2008-05-26,54.75,56.79999923706055,54.20000076293945,54.25,54.25,49575,BPL Limited
2008-05-27,53.5,55.75,51.650001525878906,51.650001525878906,51.650001525878906,31071,BPL Limited
2008-05-28,50.29999923706055,51.5,49.150001525878906,51.5,51.5,46680,BPL Limited
2008-05-29,52.5,52.5,48.400001525878906,48.95000076293945,48.95000076293945,29593,BPL Limited
2008-05-30,51.04999923706055,51.04999923706055,46.79999923706055,48.09999847412109,48.09999847412109,13020,BPL Limited
2008-06-02,49.45000076293945,49.900001525878906,46.20000076293945,46.20000076293945,46.20000076293945,33096,BPL Limited
2008-06-03,44.0,46.34999847412109,43.900001525878906,46.20000076293945,46.20000076293945,20575,BPL Limited
2008-06-04,46.0,47.75,45.20000076293945,46.0,46.0,30805,BPL Limited
2008-06-05,45.75,48.70000076293945,45.150001525878906,48.04999923706055,48.04999923706055,36082,BPL Limited
2008-06-06,49.0,50.34999847412109,46.75,47.400001525878906,47.400001525878906,21622,BPL Limited
2008-06-09,47.0,47.0,45.04999923706055,45.04999923706055,45.04999923706055,15271,BPL Limited
2008-06-10,43.400001525878906,46.0,42.84999847412109,42.84999847412109,42.84999847412109,16682,BPL Limited
2008-06-11,42.400001525878906,44.650001525878906,42.0,43.29999923706055,43.29999923706055,22784,BPL Limited
2008-06-12,44.400001525878906,44.45000076293945,40.59999847412109,43.900001525878906,43.900001525878906,19633,BPL Limited
2008-06-13,44.5,45.5,43.5,45.5,45.5,63024,BPL Limited
2008-06-16,47.400001525878906,47.75,45.5,46.0,46.0,51438,BPL Limited
2008-06-17,46.75,47.0,45.5,46.0,46.0,33596,BPL Limited
2008-06-18,46.0,47.5,44.54999923706055,44.95000076293945,44.95000076293945,27879,BPL Limited
2008-06-19,43.09999847412109,45.95000076293945,43.09999847412109,43.95000076293945,43.95000076293945,32486,BPL Limited
2008-06-20,43.5,44.84999847412109,41.75,41.75,41.75,42631,BPL Limited
2008-06-23,40.25,41.29999923706055,39.70000076293945,39.70000076293945,39.70000076293945,21274,BPL Limited
2008-06-24,39.900001525878906,39.95000076293945,37.75,38.0,38.0,56448,BPL Limited
2008-06-25,36.45000076293945,39.79999923706055,36.45000076293945,38.0,38.0,55347,BPL Limited
2008-06-26,37.0,39.900001525878906,37.0,39.900001525878906,39.900001525878906,42414,BPL Limited
2008-06-27,39.0,40.900001525878906,38.400001525878906,38.75,38.75,35833,BPL Limited
2008-06-30,39.650001525878906,39.650001525878906,36.84999847412109,36.84999847412109,36.84999847412109,31136,BPL Limited
2008-07-01,36.900001525878906,37.0,35.04999923706055,35.04999923706055,35.04999923706055,52087,BPL Limited
2008-07-02,35.0,36.79999923706055,33.29999923706055,36.25,36.25,71154,BPL Limited
2008-07-03,35.099998474121094,37.79999923706055,34.45000076293945,34.79999923706055,34.79999923706055,20407,BPL Limited
2008-07-04,35.0,36.54999923706055,33.20000076293945,36.54999923706055,36.54999923706055,37316,BPL Limited
2008-07-07,37.09999847412109,40.25,36.04999923706055,36.84999847412109,36.84999847412109,195465,BPL Limited
2008-07-08,37.5,38.45000076293945,34.04999923706055,37.70000076293945,37.70000076293945,52485,BPL Limited
2008-07-09,39.95000076293945,41.09999847412109,38.20000076293945,40.25,40.25,61499,BPL Limited
2008-07-10,40.25,43.70000076293945,39.5,41.150001525878906,41.150001525878906,55737,BPL Limited
2008-07-11,41.0,42.59999847412109,37.150001525878906,38.09999847412109,38.09999847412109,78604,BPL Limited
2008-07-14,38.09999847412109,39.0,37.20000076293945,37.59999847412109,37.59999847412109,19340,BPL Limited
2008-07-15,37.20000076293945,38.0,35.79999923706055,36.25,36.25,30471,BPL Limited
2008-07-16,37.84999847412109,37.84999847412109,34.79999923706055,35.25,35.25,27716,BPL Limited
2008-07-17,35.599998474121094,38.0,35.25,35.70000076293945,35.70000076293945,13719,BPL Limited
2008-07-18,36.150001525878906,37.84999847412109,35.5,36.900001525878906,36.900001525878906,31570,BPL Limited
2008-07-21,39.5,39.5,36.09999847412109,37.09999847412109,37.09999847412109,16541,BPL Limited
2008-07-22,37.29999923706055,38.900001525878906,36.20000076293945,37.29999923706055,37.29999923706055,33133,BPL Limited
2008-07-23,38.5,41.04999923706055,38.09999847412109,41.04999923706055,41.04999923706055,118201,BPL Limited
2008-07-24,43.400001525878906,43.400001525878906,38.75,39.400001525878906,39.400001525878906,60208,BPL Limited
2008-07-25,38.5,39.20000076293945,35.599998474121094,37.20000076293945,37.20000076293945,108550,BPL Limited
2008-07-28,38.09999847412109,39.84999847412109,36.5,39.0,39.0,58168,BPL Limited
2008-07-29,39.75,41.400001525878906,37.650001525878906,39.45000076293945,39.45000076293945,80196,BPL Limited
2008-07-30,40.70000076293945,41.79999923706055,39.5,40.29999923706055,40.29999923706055,65769,BPL Limited
2008-07-31,40.34999847412109,41.150001525878906,39.29999923706055,39.70000076293945,39.70000076293945,28331,BPL Limited
2008-08-01,39.79999923706055,39.79999923706055,38.650001525878906,39.0,39.0,40240,BPL Limited
2008-08-04,41.400001525878906,42.900001525878906,40.25,42.900001525878906,42.900001525878906,127300,BPL Limited
2008-08-05,44.20000076293945,47.20000076293945,42.900001525878906,47.20000076293945,47.20000076293945,393500,BPL Limited
2008-08-06,51.45000076293945,51.45000076293945,43.09999847412109,44.59999847412109,44.59999847412109,258910,BPL Limited
2008-08-07,44.59999847412109,46.5,44.0,44.70000076293945,44.70000076293945,51351,BPL Limited
2008-08-08,44.04999923706055,44.5,42.5,43.900001525878906,43.900001525878906,81558,BPL Limited
2008-08-11,44.5,45.900001525878906,44.5,44.79999923706055,44.79999923706055,51711,BPL Limited
2008-08-12,45.59999847412109,48.29999923706055,43.59999847412109,44.25,44.25,56327,BPL Limited
2008-08-13,43.900001525878906,44.95000076293945,42.34999847412109,43.400001525878906,43.400001525878906,43635,BPL Limited
2008-08-14,43.84999847412109,44.5,42.29999923706055,42.5,42.5,34200,BPL Limited
2008-08-18,41.09999847412109,43.25,41.09999847412109,41.54999923706055,41.54999923706055,19727,BPL Limited
2008-08-19,40.0,40.25,38.29999923706055,39.150001525878906,39.150001525878906,100137,BPL Limited
2008-08-20,40.5,40.5,39.04999923706055,39.45000076293945,39.45000076293945,56228,BPL Limited
2008-08-21,40.0,40.34999847412109,38.150001525878906,38.45000076293945,38.45000076293945,44441,BPL Limited
2008-08-22,38.900001525878906,39.84999847412109,38.09999847412109,38.54999923706055,38.54999923706055,46692,BPL Limited
2008-08-25,39.95000076293945,40.0,38.70000076293945,39.150001525878906,39.150001525878906,29732,BPL Limited
2008-08-26,37.04999923706055,39.150001525878906,37.04999923706055,37.95000076293945,37.95000076293945,31011,BPL Limited
2008-08-27,38.650001525878906,39.0,37.45000076293945,37.650001525878906,37.650001525878906,33434,BPL Limited
2008-08-28,37.79999923706055,37.84999847412109,37.0,37.29999923706055,37.29999923706055,21977,BPL Limited
2008-08-29,38.900001525878906,38.900001525878906,37.75,38.09999847412109,38.09999847412109,29689,BPL Limited
2008-09-01,38.0,38.70000076293945,36.09999847412109,38.400001525878906,38.400001525878906,18957,BPL Limited
2008-09-02,38.0,39.5,38.0,38.95000076293945,38.95000076293945,22279,BPL Limited
2008-09-04,39.150001525878906,39.25,38.04999923706055,38.84999847412109,38.84999847412109,18429,BPL Limited
2008-09-05,38.79999923706055,38.95000076293945,38.09999847412109,38.400001525878906,38.400001525878906,17946,BPL Limited
2008-09-08,39.900001525878906,40.900001525878906,38.09999847412109,38.29999923706055,38.29999923706055,25363,BPL Limited
2008-09-09,38.5,44.45000076293945,38.150001525878906,43.20000076293945,43.20000076293945,295254,BPL Limited
2008-09-10,43.75,45.5,41.150001525878906,41.79999923706055,41.79999923706055,246613,BPL Limited
2008-09-11,40.0,43.75,39.5,40.25,40.25,57280,BPL Limited
2008-09-12,40.25,41.45000076293945,39.0,39.20000076293945,39.20000076293945,37226,BPL Limited
2008-09-15,37.09999847412109,39.79999923706055,36.54999923706055,37.29999923706055,37.29999923706055,43974,BPL Limited
2008-09-16,35.099998474121094,36.900001525878906,35.0,36.0,36.0,47739,BPL Limited
2008-09-17,37.79999923706055,37.79999923706055,34.650001525878906,35.099998474121094,35.099998474121094,40762,BPL Limited
2008-09-18,34.0,34.45000076293945,28.5,33.20000076293945,33.20000076293945,124529,BPL Limited
2008-09-19,34.0,38.150001525878906,33.0,35.95000076293945,35.95000076293945,145456,BPL Limited
2008-09-22,37.0,37.25,35.5,35.79999923706055,35.79999923706055,51208,BPL Limited
2008-09-23,35.04999923706055,36.0,34.0,34.25,34.25,25025,BPL Limited
2008-09-24,35.0,37.75,34.75,35.0,35.0,31823,BPL Limited
2008-09-25,35.45000076293945,36.20000076293945,34.0,34.45000076293945,34.45000076293945,44161,BPL Limited
2008-09-26,34.900001525878906,35.900001525878906,30.64999961853028,31.299999237060547,31.299999237060547,204029,BPL Limited
2008-09-29,33.849998474121094,33.849998474121094,29.0,30.39999961853028,30.39999961853028,85740,BPL Limited
2008-09-30,29.0,32.599998474121094,27.14999961853028,30.950000762939453,30.950000762939453,74980,BPL Limited
2008-10-01,32.70000076293945,32.70000076293945,30.14999961853028,31.39999961853028,31.39999961853028,38233,BPL Limited
2008-10-03,31.0,31.89999961853028,30.0,30.350000381469727,30.350000381469727,21651,BPL Limited
2008-10-06,30.0,30.0,28.0,28.049999237060547,28.049999237060547,57626,BPL Limited
2008-10-07,28.049999237060547,29.25,24.75,25.450000762939453,25.450000762939453,81072,BPL Limited
2008-10-08,24.39999961853028,24.39999961853028,22.0,23.600000381469727,23.600000381469727,87666,BPL Limited
2008-10-10,20.25,26.549999237060547,19.049999237060547,22.299999237060547,22.299999237060547,59206,BPL Limited
2008-10-13,23.89999961853028,26.5,22.64999961853028,25.600000381469727,25.600000381469727,72807,BPL Limited
2008-10-14,25.25,28.0,25.14999961853028,25.700000762939453,25.700000762939453,52867,BPL Limited
2008-10-15,24.049999237060547,26.75,21.64999961853028,22.64999961853028,22.64999961853028,68295,BPL Limited
2008-10-16,21.5,23.450000762939453,20.100000381469727,22.600000381469727,22.600000381469727,62671,BPL Limited
2008-10-17,23.850000381469727,23.850000381469727,21.299999237060547,21.700000762939453,21.700000762939453,37152,BPL Limited
2008-10-20,22.39999961853028,23.0,20.600000381469727,21.14999961853028,21.14999961853028,25871,BPL Limited
2008-10-21,21.5,22.200000762939453,21.0,21.64999961853028,21.64999961853028,29311,BPL Limited
2008-10-22,21.89999961853028,21.89999961853028,20.549999237060547,20.75,20.75,13121,BPL Limited
2008-10-23,19.89999961853028,20.600000381469727,19.200000762939453,19.950000762939453,19.950000762939453,30722,BPL Limited
2008-10-24,19.5,19.89999961853028,18.100000381469727,18.350000381469727,18.350000381469727,55812,BPL Limited
2008-10-27,17.75,18.5,15.100000381469728,16.950000762939453,16.950000762939453,31222,BPL Limited
2008-10-29,19.5,21.299999237060547,18.299999237060547,18.75,18.75,23413,BPL Limited
2008-10-31,17.25,20.450000762939453,17.25,18.89999961853028,18.89999961853028,23701,BPL Limited
2008-11-03,19.299999237060547,20.64999961853028,19.299999237060547,19.850000381469727,19.850000381469727,28109,BPL Limited
2008-11-04,19.5,23.0,19.14999961853028,21.799999237060547,21.799999237060547,67154,BPL Limited
2008-11-05,22.25,22.89999961853028,19.75,20.200000762939453,20.200000762939453,39751,BPL Limited
2008-11-06,19.100000381469727,20.89999961853028,19.0,20.0,20.0,20579,BPL Limited
2008-11-07,19.0,20.549999237060547,19.0,20.100000381469727,20.100000381469727,16315,BPL Limited
2008-11-10,20.89999961853028,21.39999961853028,19.549999237060547,19.799999237060547,19.799999237060547,63732,BPL Limited
2008-11-11,20.25,20.350000381469727,18.600000381469727,19.100000381469727,19.100000381469727,24524,BPL Limited
2008-11-12,18.549999237060547,19.5,18.049999237060547,18.75,18.75,34587,BPL Limited
2008-11-14,18.5,19.25,17.850000381469727,18.14999961853028,18.14999961853028,21923,BPL Limited
2008-11-17,18.100000381469727,18.5,17.0,17.350000381469727,17.350000381469727,16729,BPL Limited
2008-11-18,16.200000762939453,17.600000381469727,16.200000762939453,17.100000381469727,17.100000381469727,14726,BPL Limited
2008-11-19,17.0,17.600000381469727,16.299999237060547,16.700000762939453,16.700000762939453,18280,BPL Limited
2008-11-20,15.199999809265137,16.700000762939453,15.199999809265137,15.800000190734863,15.800000190734863,16048,BPL Limited
2008-11-21,15.550000190734863,15.949999809265137,15.149999618530272,15.649999618530272,15.649999618530272,11588,BPL Limited
2008-11-24,16.600000381469727,16.600000381469727,15.350000381469728,15.899999618530272,15.899999618530272,7360,BPL Limited
2008-11-25,16.799999237060547,16.899999618530273,15.149999618530272,15.600000381469728,15.600000381469728,12620,BPL Limited
2008-11-26,15.300000190734863,15.899999618530272,15.0,15.449999809265137,15.449999809265137,11452,BPL Limited
2008-11-27,15.449999809265137,15.449999809265137,15.449999809265137,15.449999809265137,15.449999809265137,0,BPL Limited
2008-11-28,14.300000190734863,15.449999809265137,14.100000381469728,15.0,15.0,14254,BPL Limited
2008-12-01,15.350000381469728,15.800000190734863,13.75,14.350000381469728,14.350000381469728,17972,BPL Limited
2008-12-02,14.300000190734863,14.850000381469728,12.899999618530272,13.149999618530272,13.149999618530272,28118,BPL Limited
2008-12-03,13.199999809265137,15.699999809265137,13.199999809265137,14.899999618530272,14.899999618530272,30169,BPL Limited
2008-12-04,15.699999809265137,15.800000190734863,14.850000381469728,15.350000381469728,15.350000381469728,18316,BPL Limited
2008-12-05,15.0,15.800000190734863,14.5,15.600000381469728,15.600000381469728,37161,BPL Limited
2008-12-08,15.850000381469728,16.700000762939453,15.25,15.850000381469728,15.850000381469728,18624,BPL Limited
2008-12-10,16.0,16.850000381469727,15.5,16.549999237060547,16.549999237060547,41760,BPL Limited
2008-12-11,16.850000381469727,17.549999237060547,16.299999237060547,17.0,17.0,46364,BPL Limited
2008-12-12,16.950000762939453,20.39999961853028,16.0,20.39999961853028,20.39999961853028,67972,BPL Limited
2008-12-15,21.89999961853028,24.5,21.0,24.5,24.5,221348,BPL Limited
2008-12-16,26.950000762939453,26.950000762939453,25.100000381469727,26.25,26.25,338303,BPL Limited
2008-12-17,27.600000381469727,27.64999961853028,23.64999961853028,23.64999961853028,23.64999961853028,93857,BPL Limited
2008-12-18,21.600000381469727,24.5,21.39999961853028,23.950000762939453,23.950000762939453,120097,BPL Limited
2008-12-19,23.850000381469727,24.75,22.64999961853028,23.049999237060547,23.049999237060547,69446,BPL Limited
2008-12-22,22.75,23.850000381469727,20.75,22.049999237060547,22.049999237060547,58538,BPL Limited
2008-12-23,21.75,21.75,20.100000381469727,20.549999237060547,20.549999237060547,44530,BPL Limited
2008-12-24,20.549999237060547,20.549999237060547,19.600000381469727,20.14999961853028,20.14999961853028,20417,BPL Limited
2008-12-26,20.14999961853028,21.5,19.100000381469727,19.299999237060547,19.299999237060547,32277,BPL Limited
2008-12-29,18.350000381469727,19.950000762939453,18.350000381469727,19.600000381469727,19.600000381469727,8921,BPL Limited
2008-12-30,19.600000381469727,20.100000381469727,19.25,19.600000381469727,19.600000381469727,14280,BPL Limited
2008-12-31,20.799999237060547,21.049999237060547,19.5,19.600000381469727,19.600000381469727,23952,BPL Limited
2009-01-02,21.75,21.75,19.600000381469727,19.600000381469727,19.600000381469727,21644,BPL Limited
2009-01-05,22.0,22.100000381469727,20.799999237060547,20.799999237060547,20.799999237060547,22013,BPL Limited
2009-01-06,21.5,22.25,20.850000381469727,20.850000381469727,20.850000381469727,23555,BPL Limited
2009-01-07,21.100000381469727,21.5,19.600000381469727,19.600000381469727,19.600000381469727,12692,BPL Limited
2009-01-09,19.89999961853028,19.89999961853028,19.350000381469727,19.600000381469727,19.600000381469727,998,BPL Limited
2009-01-12,19.200000762939453,19.600000381469727,18.39999961853028,19.600000381469727,19.600000381469727,11253,BPL Limited
2009-01-13,18.0,18.0,17.549999237060547,17.549999237060547,17.549999237060547,9968,BPL Limited
2009-01-14,17.899999618530273,18.200000762939453,17.100000381469727,17.100000381469727,17.100000381469727,10380,BPL Limited
2009-01-15,17.100000381469727,18.0,16.850000381469727,17.899999618530273,17.899999618530273,8359,BPL Limited
2009-01-16,16.950000762939453,17.950000762939453,16.850000381469727,16.850000381469727,16.850000381469727,41990,BPL Limited
2009-01-19,17.0,17.450000762939453,16.049999237060547,16.049999237060547,16.049999237060547,21059,BPL Limited
2009-01-20,17.149999618530273,17.350000381469727,16.5,16.5,16.5,13004,BPL Limited
2009-01-21,17.0,17.0,16.399999618530273,16.399999618530273,16.399999618530273,16738,BPL Limited
2009-01-22,16.649999618530273,16.950000762939453,16.0,16.0,16.0,35949,BPL Limited
2009-01-23,16.0,16.0,15.199999809265137,15.199999809265137,15.199999809265137,8667,BPL Limited
2009-01-27,16.399999618530273,16.399999618530273,15.0,15.0,15.0,22220,BPL Limited
2009-01-28,16.299999237060547,16.299999237060547,15.050000190734863,15.050000190734863,15.050000190734863,18671,BPL Limited
2009-01-29,15.899999618530272,16.450000762939453,15.149999618530272,15.149999618530272,15.149999618530272,27886,BPL Limited
2009-01-30,15.75,15.899999618530272,14.699999809265137,14.699999809265137,14.699999809265137,23269,BPL Limited
2009-02-02,15.0,15.699999809265137,15.0,15.699999809265137,15.699999809265137,6925,BPL Limited
2009-02-03,15.199999809265137,15.649999618530272,15.0,15.0,15.0,5191,BPL Limited
2009-02-04,15.699999809265137,15.699999809265137,15.0,15.0,15.0,10356,BPL Limited
2009-02-05,15.300000190734863,15.699999809265137,14.75,14.75,14.75,6203,BPL Limited
2009-02-06,15.199999809265137,15.699999809265137,15.149999618530272,15.149999618530272,15.149999618530272,8779,BPL Limited
2009-02-09,15.449999809265137,15.649999618530272,14.899999618530272,14.899999618530272,14.899999618530272,16494,BPL Limited
2009-02-10,15.199999809265137,15.899999618530272,15.199999809265137,15.600000381469728,15.600000381469728,27250,BPL Limited
2009-02-11,15.300000190734863,16.200000762939453,15.300000190734863,15.300000190734863,15.300000190734863,30580,BPL Limited
2009-02-12,17.049999237060547,17.049999237060547,17.049999237060547,17.049999237060547,17.049999237060547,8703,BPL Limited
2009-02-13,17.899999618530273,17.899999618530273,17.899999618530273,17.899999618530273,17.899999618530273,12188,BPL Limited
2009-02-16,18.799999237060547,19.600000381469727,17.0,19.600000381469727,19.600000381469727,39511,BPL Limited
2009-02-17,16.850000381469727,16.850000381469727,16.25,16.25,16.25,4465,BPL Limited
2009-02-18,15.449999809265137,16.450000762939453,15.449999809265137,15.449999809265137,15.449999809265137,10745,BPL Limited
2009-02-19,16.25,16.25,15.350000381469728,15.350000381469728,15.350000381469728,9160,BPL Limited
2009-02-20,15.75,16.049999237060547,15.199999809265137,15.300000190734863,15.300000190734863,11253,BPL Limited
2009-02-24,15.399999618530272,15.899999618530272,14.800000190734863,14.800000190734863,14.800000190734863,10751,BPL Limited
2009-02-25,16.0,16.0,15.300000190734863,15.300000190734863,15.300000190734863,7557,BPL Limited
2009-02-26,15.5,15.5,15.0,15.0,15.0,7699,BPL Limited
2009-02-27,15.0,15.5,15.0,15.0,15.0,6390,BPL Limited
2009-03-02,15.449999809265137,15.449999809265137,14.600000381469728,14.850000381469728,14.850000381469728,16776,BPL Limited
2009-03-03,14.75,15.25,14.5,14.649999618530272,14.649999618530272,24243,BPL Limited
2009-03-04,15.0,15.0,14.600000381469728,14.649999618530272,14.649999618530272,10925,BPL Limited
2009-03-05,14.899999618530272,14.899999618530272,14.149999618530272,14.199999809265137,14.199999809265137,9720,BPL Limited
2009-03-06,14.0,14.449999809265137,13.800000190734863,14.050000190734863,14.050000190734863,14032,BPL Limited
2009-03-09,14.0,14.949999809265137,13.0,13.350000381469728,13.350000381469728,19053,BPL Limited
2009-03-12,13.300000190734863,14.699999809265137,13.300000190734863,14.699999809265137,14.699999809265137,16140,BPL Limited
2009-03-13,15.600000381469728,16.200000762939453,15.0,15.25,15.25,88724,BPL Limited
2009-03-16,15.800000190734863,15.899999618530272,14.050000190734863,15.649999618530272,15.649999618530272,28366,BPL Limited
2009-03-17,14.5,16.100000381469727,14.5,15.649999618530272,15.649999618530272,13616,BPL Limited
2009-03-18,15.850000381469728,16.399999618530273,15.5,15.600000381469728,15.600000381469728,23501,BPL Limited
2009-03-19,15.699999809265137,16.549999237060547,15.649999618530272,15.800000190734863,15.800000190734863,27571,BPL Limited
2009-03-20,15.800000190734863,16.25,14.850000381469728,15.699999809265137,15.699999809265137,29527,BPL Limited
2009-03-23,16.0,17.299999237060547,15.100000381469728,16.950000762939453,16.950000762939453,183042,BPL Limited
2009-03-24,17.399999618530273,17.399999618530273,15.25,16.049999237060547,16.049999237060547,74042,BPL Limited
2009-03-25,16.649999618530273,16.899999618530273,15.600000381469728,15.899999618530272,15.899999618530272,31422,BPL Limited
2009-03-26,16.5,16.5,15.649999618530272,15.850000381469728,15.850000381469728,40384,BPL Limited
2009-03-27,16.700000762939453,16.75,15.75,16.450000762939453,16.450000762939453,76180,BPL Limited
2009-03-30,16.049999237060547,16.549999237060547,15.600000381469728,16.0,16.0,20308,BPL Limited
2009-03-31,15.850000381469728,16.25,15.600000381469728,15.850000381469728,15.850000381469728,17808,BPL Limited
2009-04-01,16.299999237060547,17.450000762939453,16.0,16.899999618530273,16.899999618530273,95970,BPL Limited
2009-04-02,18.0,18.600000381469727,17.0,17.75,17.75,104909,BPL Limited
2009-04-06,19.549999237060547,19.549999237060547,17.049999237060547,17.299999237060547,17.299999237060547,100266,BPL Limited
2009-04-08,16.0,19.049999237060547,16.0,19.049999237060547,19.049999237060547,117046,BPL Limited
2009-04-09,20.100000381469727,20.450000762939453,18.549999237060547,19.200000762939453,19.200000762939453,183909,BPL Limited
2009-04-13,20.5,20.5,19.0,20.0,20.0,78824,BPL Limited
2009-04-15,20.0,22.0,19.64999961853028,22.0,22.0,103032,BPL Limited
2009-04-16,23.700000762939453,23.700000762939453,19.799999237060547,19.850000381469727,19.850000381469727,205640,BPL Limited
2009-04-17,21.14999961853028,21.14999961853028,19.14999961853028,19.350000381469727,19.350000381469727,66911,BPL Limited
2009-04-20,19.350000381469727,20.25,18.700000762939453,19.14999961853028,19.14999961853028,55715,BPL Limited
2009-04-21,19.0,19.5,18.5,18.89999961853028,18.89999961853028,32657,BPL Limited
2009-04-22,19.0,19.799999237060547,18.5,18.64999961853028,18.64999961853028,40998,BPL Limited
2009-04-23,19.0,19.0,18.200000762939453,18.549999237060547,18.549999237060547,51188,BPL Limited
2009-04-24,18.0,19.75,18.0,19.100000381469727,19.100000381469727,43589,BPL Limited
2009-04-27,19.39999961853028,20.850000381469727,19.100000381469727,19.700000762939453,19.700000762939453,104013,BPL Limited
2009-04-28,19.25,19.89999961853028,18.5,18.64999961853028,18.64999961853028,55521,BPL Limited
2009-04-29,19.549999237060547,19.549999237060547,18.5,18.850000381469727,18.850000381469727,24623,BPL Limited
2009-04-30,18.600000381469727,18.600000381469727,18.600000381469727,18.600000381469727,18.600000381469727,0,BPL Limited
2009-05-04,19.850000381469727,19.950000762939453,19.0,19.25,19.25,75557,BPL Limited
2009-05-05,19.5,21.200000762939453,19.100000381469727,20.450000762939453,20.450000762939453,220453,BPL Limited
2009-05-06,20.350000381469727,20.850000381469727,19.100000381469727,19.39999961853028,19.39999961853028,70674,BPL Limited
2009-05-07,20.0,20.0,19.5,19.64999961853028,19.64999961853028,32993,BPL Limited
2009-05-08,19.600000381469727,23.200000762939453,19.600000381469727,22.850000381469727,22.850000381469727,440571,BPL Limited
2009-05-11,23.0,23.450000762939453,20.64999961853028,21.049999237060547,21.049999237060547,139981,BPL Limited
2009-05-12,20.700000762939453,21.89999961853028,20.0,21.549999237060547,21.549999237060547,93949,BPL Limited
2009-05-13,20.299999237060547,22.350000381469727,20.299999237060547,21.350000381469727,21.350000381469727,57212,BPL Limited
2009-05-14,20.600000381469727,21.5,20.600000381469727,21.25,21.25,26735,BPL Limited
2009-05-15,21.89999961853028,22.850000381469727,21.100000381469727,21.450000762939453,21.450000762939453,100161,BPL Limited
2009-05-18,24.0,24.0,24.0,24.0,24.0,200,BPL Limited
2009-05-19,24.0,26.0,22.0,23.75,23.75,218255,BPL Limited
2009-05-20,23.200000762939453,27.89999961853028,23.200000762939453,26.75,26.75,218529,BPL Limited
2009-05-21,27.200000762939453,32.099998474121094,27.200000762939453,30.25,30.25,593184,BPL Limited
2009-05-22,30.89999961853028,31.450000762939453,28.25,29.950000762939453,29.950000762939453,221299,BPL Limited
2009-05-25,31.0,32.95000076293945,30.200000762939453,32.75,32.75,267100,BPL Limited
2009-05-26,33.099998474121094,33.95000076293945,29.5,29.5,29.5,258136,BPL Limited
2009-05-27,30.100000381469727,31.799999237060547,29.64999961853028,30.450000762939453,30.450000762939453,103327,BPL Limited
2009-05-28,30.100000381469727,31.0,29.549999237060547,30.25,30.25,83232,BPL Limited
2009-05-29,31.0,32.75,30.5,31.64999961853028,31.64999961853028,147443,BPL Limited
2009-06-01,34.0,34.5,30.600000381469727,32.70000076293945,32.70000076293945,114179,BPL Limited
2009-06-02,33.0,33.95000076293945,30.75,31.350000381469727,31.350000381469727,172913,BPL Limited
2009-06-03,32.0,32.95000076293945,31.39999961853028,32.04999923706055,32.04999923706055,140850,BPL Limited
2009-06-04,31.89999961853028,34.70000076293945,31.5,34.0,34.0,251625,BPL Limited
2009-06-05,35.29999923706055,35.29999923706055,32.04999923706055,32.54999923706055,32.54999923706055,166656,BPL Limited
2009-06-08,32.79999923706055,32.95000076293945,29.299999237060547,29.299999237060547,29.299999237060547,197977,BPL Limited
2009-06-09,29.0,31.0,27.100000381469727,29.5,29.5,189505,BPL Limited
2009-06-10,30.049999237060547,30.89999961853028,27.100000381469727,28.14999961853028,28.14999961853028,236569,BPL Limited
2009-06-11,28.600000381469727,29.799999237060547,28.049999237060547,28.5,28.5,99071,BPL Limited
2009-06-12,28.39999961853028,28.75,27.0,27.14999961853028,27.14999961853028,102535,BPL Limited
2009-06-15,26.950000762939453,27.100000381469727,25.600000381469727,25.75,25.75,69833,BPL Limited
2009-06-16,25.350000381469727,27.450000762939453,24.64999961853028,26.799999237060547,26.799999237060547,80134,BPL Limited
2009-06-17,25.799999237060547,27.600000381469727,25.14999961853028,25.39999961853028,25.39999961853028,81282,BPL Limited
2009-06-18,25.850000381469727,25.850000381469727,23.299999237060547,23.75,23.75,59897,BPL Limited
2009-06-19,24.0,24.549999237060547,23.299999237060547,23.850000381469727,23.850000381469727,50617,BPL Limited
2009-06-22,23.850000381469727,25.75,23.850000381469727,24.600000381469727,24.600000381469727,55185,BPL Limited
2009-06-23,24.0,24.89999961853028,23.25,24.600000381469727,24.600000381469727,36160,BPL Limited
2009-06-24,24.75,25.700000762939453,24.049999237060547,25.350000381469727,25.350000381469727,32784,BPL Limited
2009-06-25,25.5,25.950000762939453,24.5,24.75,24.75,21580,BPL Limited
2009-06-26,25.5,25.5,24.600000381469727,24.950000762939453,24.950000762939453,39465,BPL Limited
2009-06-29,25.5,27.450000762939453,25.14999961853028,27.450000762939453,27.450000762939453,76580,BPL Limited
2009-06-30,29.0,30.200000762939453,28.549999237060547,30.100000381469727,30.100000381469727,440001,BPL Limited
2009-07-01,32.849998474121094,33.150001525878906,31.89999961853028,33.150001525878906,33.150001525878906,568400,BPL Limited
2009-07-02,34.849998474121094,34.849998474121094,34.20000076293945,34.849998474121094,34.849998474121094,354738,BPL Limited
2009-07-03,36.59999847412109,36.59999847412109,35.70000076293945,36.59999847412109,36.59999847412109,148932,BPL Limited
2009-07-06,38.45000076293945,38.45000076293945,34.79999923706055,34.79999923706055,34.79999923706055,343394,BPL Limited
2009-07-07,34.5,34.5,33.099998474121094,33.099998474121094,33.099998474121094,70811,BPL Limited
2009-07-08,32.0,32.0,31.450000762939453,31.450000762939453,31.450000762939453,33436,BPL Limited
2009-07-09,29.89999961853028,33.04999923706055,29.89999961853028,33.04999923706055,33.04999923706055,290591,BPL Limited
2009-07-10,34.45000076293945,34.70000076293945,31.39999961853028,31.450000762939453,31.450000762939453,102107,BPL Limited
2009-07-13,31.450000762939453,33.04999923706055,30.299999237060547,33.04999923706055,33.04999923706055,27152,BPL Limited
2009-07-14,30.299999237060547,33.04999923706055,30.100000381469727,33.04999923706055,33.04999923706055,36484,BPL Limited
2009-07-15,31.0,33.04999923706055,30.0,33.04999923706055,33.04999923706055,36536,BPL Limited
2009-07-16,34.04999923706055,34.04999923706055,31.100000381469727,33.04999923706055,33.04999923706055,107006,BPL Limited
2009-07-17,34.04999923706055,35.599998474121094,33.5,35.599998474121094,35.599998474121094,84780,BPL Limited
2009-07-20,36.900001525878906,36.900001525878906,34.54999923706055,35.04999923706055,35.04999923706055,47499,BPL Limited
2009-07-21,35.5,36.0,33.599998474121094,34.75,34.75,54814,BPL Limited
2009-07-22,35.0,36.0,33.70000076293945,34.849998474121094,34.849998474121094,104629,BPL Limited
2009-07-23,34.0,36.0,34.0,35.20000076293945,35.20000076293945,43000,BPL Limited
2009-07-24,33.5,35.400001525878906,33.5,34.5,34.5,36640,BPL Limited
2009-07-27,34.599998474121094,35.400001525878906,32.75,34.0,34.0,58066,BPL Limited
2009-07-28,34.0,34.75,32.70000076293945,33.79999923706055,33.79999923706055,25643,BPL Limited
2009-07-29,34.79999923706055,34.79999923706055,32.150001525878906,33.150001525878906,33.150001525878906,33789,BPL Limited
2009-07-30,32.5,33.5,32.5,32.75,32.75,15446,BPL Limited
2009-07-31,33.0,33.45000076293945,31.700000762939453,33.0,33.0,20851,BPL Limited
2009-08-03,33.0,33.45000076293945,32.5,32.900001525878906,32.900001525878906,23356,BPL Limited
2009-08-04,33.0,34.0,32.54999923706055,33.400001525878906,33.400001525878906,46001,BPL Limited
2009-08-05,33.900001525878906,33.900001525878906,32.599998474121094,32.95000076293945,32.95000076293945,20447,BPL Limited
2009-08-06,33.0,34.0,32.099998474121094,33.04999923706055,33.04999923706055,25203,BPL Limited
2009-08-07,32.5,32.900001525878906,31.600000381469727,31.89999961853028,31.89999961853028,21815,BPL Limited
2009-08-10,32.04999923706055,32.349998474121094,30.299999237060547,30.850000381469727,30.850000381469727,28448,BPL Limited
2009-08-11,30.200000762939453,31.39999961853028,29.5,30.450000762939453,30.450000762939453,16193,BPL Limited
2009-08-12,30.450000762939453,30.89999961853028,29.0,30.5,30.5,11147,BPL Limited
2009-08-13,31.14999961853028,31.850000381469727,30.350000381469727,31.850000381469727,31.850000381469727,23334,BPL Limited
2009-08-14,33.400001525878906,33.400001525878906,31.64999961853028,32.400001525878906,32.400001525878906,29655,BPL Limited
2009-08-17,32.70000076293945,32.95000076293945,30.700000762939453,30.950000762939453,30.950000762939453,23180,BPL Limited
2009-08-18,30.950000762939453,30.950000762939453,30.950000762939453,30.950000762939453,30.950000762939453,0,BPL Limited
2009-08-19,30.64999961853028,31.600000381469727,30.0,31.25,31.25,35320,BPL Limited
2009-08-20,31.89999961853028,31.89999961853028,30.14999961853028,30.200000762939453,30.200000762939453,14791,BPL Limited
2009-08-21,30.200000762939453,31.450000762939453,30.100000381469727,31.25,31.25,28334,BPL Limited
2009-08-24,32.5,32.849998474121094,31.100000381469727,31.549999237060547,31.549999237060547,40173,BPL Limited
2009-08-25,31.549999237060547,31.89999961853028,30.89999961853028,31.600000381469727,31.600000381469727,25777,BPL Limited
2009-08-26,32.25,32.54999923706055,31.5,32.349998474121094,32.349998474121094,52174,BPL Limited
2009-08-27,31.549999237060547,33.0,31.549999237060547,31.950000762939453,31.950000762939453,90550,BPL Limited
2009-08-28,32.0,32.849998474121094,31.39999961853028,31.799999237060547,31.799999237060547,69923,BPL Limited
2009-08-31,31.799999237060547,33.400001525878906,31.549999237060547,33.400001525878906,33.400001525878906,70128,BPL Limited
2009-09-01,35.099998474121094,35.099998474121094,33.75,34.45000076293945,34.45000076293945,280523,BPL Limited
2009-09-02,34.04999923706055,36.20000076293945,32.79999923706055,36.20000076293945,36.20000076293945,182484,BPL Limited
2009-09-03,37.75,38.04999923706055,36.900001525878906,38.04999923706055,38.04999923706055,306041,BPL Limited
2009-09-04,39.95000076293945,39.95000076293945,39.0,39.95000076293945,39.95000076293945,79225,BPL Limited
2009-09-07,43.95000076293945,43.95000076293945,38.04999923706055,41.650001525878906,41.650001525878906,603436,BPL Limited
2009-09-08,42.400001525878906,42.400001525878906,39.0,39.400001525878906,39.400001525878906,202880,BPL Limited
2009-09-09,39.59999847412109,39.84999847412109,37.5,38.09999847412109,38.09999847412109,101755,BPL Limited
2009-09-10,38.400001525878906,41.04999923706055,38.150001525878906,38.59999847412109,38.59999847412109,195050,BPL Limited
2009-09-11,38.0,39.150001525878906,36.400001525878906,36.75,36.75,132486,BPL Limited
2009-09-14,37.29999923706055,37.79999923706055,36.25,36.95000076293945,36.95000076293945,89034,BPL Limited
2009-09-15,38.400001525878906,38.45000076293945,37.04999923706055,38.0,38.0,106114,BPL Limited
2009-09-16,38.20000076293945,38.650001525878906,37.0,37.45000076293945,37.45000076293945,100415,BPL Limited
2009-09-17,38.25,38.29999923706055,36.54999923706055,36.75,36.75,54938,BPL Limited
2009-09-18,37.34999847412109,37.70000076293945,36.09999847412109,37.09999847412109,37.09999847412109,44885,BPL Limited
2009-09-22,37.95000076293945,37.95000076293945,36.59999847412109,36.84999847412109,36.84999847412109,69572,BPL Limited
2009-09-23,36.79999923706055,37.400001525878906,35.599998474121094,36.0,36.0,58809,BPL Limited
2009-09-24,36.0,36.0,34.849998474121094,35.70000076293945,35.70000076293945,78681,BPL Limited
2009-09-25,35.70000076293945,38.29999923706055,34.04999923706055,36.79999923706055,36.79999923706055,139674,BPL Limited
2009-09-29,37.900001525878906,39.400001525878906,36.09999847412109,38.45000076293945,38.45000076293945,120812,BPL Limited
2009-09-30,36.0,39.5,36.0,37.79999923706055,37.79999923706055,104866,BPL Limited
2009-10-01,38.0,38.400001525878906,37.04999923706055,37.150001525878906,37.150001525878906,37800,BPL Limited
2009-10-05,37.0,37.20000076293945,35.599998474121094,35.79999923706055,35.79999923706055,65538,BPL Limited
2009-10-06,37.29999923706055,37.29999923706055,34.400001525878906,35.400001525878906,35.400001525878906,69175,BPL Limited
2009-10-07,35.599998474121094,36.400001525878906,35.0,35.25,35.25,46302,BPL Limited
2009-10-08,36.45000076293945,36.45000076293945,34.54999923706055,34.70000076293945,34.70000076293945,46119,BPL Limited
2009-10-09,34.70000076293945,35.5,33.5,34.150001525878906,34.150001525878906,49647,BPL Limited
2009-10-12,34.150001525878906,34.900001525878906,33.70000076293945,33.95000076293945,33.95000076293945,49513,BPL Limited
2009-10-13,34.04999923706055,34.04999923706055,34.04999923706055,34.04999923706055,34.04999923706055,0,BPL Limited
2009-10-14,34.75,34.75,34.0,34.20000076293945,34.20000076293945,31761,BPL Limited
2009-10-15,34.849998474121094,35.400001525878906,33.599998474121094,33.79999923706055,33.79999923706055,44760,BPL Limited
2009-10-16,33.95000076293945,34.5,33.099998474121094,33.349998474121094,33.349998474121094,97533,BPL Limited
2009-10-20,34.04999923706055,34.75,33.599998474121094,34.150001525878906,34.150001525878906,39632,BPL Limited
2009-10-21,33.75,34.150001525878906,33.25,33.45000076293945,33.45000076293945,39027,BPL Limited
2009-10-22,33.5,33.70000076293945,32.150001525878906,32.5,32.5,51671,BPL Limited
2009-10-23,33.0,33.650001525878906,32.45000076293945,32.599998474121094,32.599998474121094,31558,BPL Limited
2009-10-26,33.45000076293945,33.45000076293945,31.799999237060547,32.099998474121094,32.099998474121094,29623,BPL Limited
2009-10-27,30.14999961853028,31.950000762939453,29.75,30.299999237060547,30.299999237060547,54088,BPL Limited
2009-10-28,30.64999961853028,30.64999961853028,28.14999961853028,29.64999961853028,29.64999961853028,35830,BPL Limited
2009-10-29,28.5,29.950000762939453,28.25,29.64999961853028,29.64999961853028,34858,BPL Limited
2009-10-30,30.14999961853028,31.89999961853028,29.14999961853028,29.64999961853028,29.64999961853028,54998,BPL Limited
2009-11-03,29.5,30.549999237060547,27.100000381469727,27.350000381469727,27.350000381469727,41169,BPL Limited
2009-11-04,27.600000381469727,28.450000762939453,25.25,27.600000381469727,27.600000381469727,55816,BPL Limited
2009-11-05,28.100000381469727,28.75,27.600000381469727,28.600000381469727,28.600000381469727,29492,BPL Limited
2009-11-06,29.950000762939453,30.0,28.799999237060547,29.049999237060547,29.049999237060547,65670,BPL Limited
2009-11-09,29.200000762939453,34.900001525878906,29.200000762939453,34.900001525878906,34.900001525878906,295284,BPL Limited
2009-11-10,36.45000076293945,37.29999923706055,32.599998474121094,33.04999923706055,33.04999923706055,298446,BPL Limited
2009-11-11,37.400001525878906,37.400001525878906,32.400001525878906,33.25,33.25,105429,BPL Limited
2009-11-12,33.25,35.5,33.0,33.79999923706055,33.79999923706055,143635,BPL Limited
2009-11-13,33.25,34.54999923706055,31.850000381469727,32.400001525878906,32.400001525878906,76416,BPL Limited
2009-11-16,33.0,34.5,32.75,33.150001525878906,33.150001525878906,49437,BPL Limited
2009-11-17,33.54999923706055,33.54999923706055,32.599998474121094,33.150001525878906,33.150001525878906,44907,BPL Limited
2009-11-18,34.0,39.79999923706055,34.0,39.79999923706055,39.79999923706055,1168132,BPL Limited
2009-11-19,41.70000076293945,46.650001525878906,40.59999847412109,43.650001525878906,43.650001525878906,7501525,BPL Limited
2009-11-20,42.95000076293945,43.400001525878906,40.84999847412109,41.34999847412109,41.34999847412109,1177671,BPL Limited
2009-11-23,41.59999847412109,43.79999923706055,36.900001525878906,43.09999847412109,43.09999847412109,854266,BPL Limited
2009-11-24,43.5,43.5,40.20000076293945,40.650001525878906,40.650001525878906,543924,BPL Limited
2009-11-25,41.0,41.650001525878906,38.650001525878906,39.09999847412109,39.09999847412109,309303,BPL Limited
2009-11-26,39.400001525878906,39.5,37.0,37.79999923706055,37.79999923706055,197315,BPL Limited
2009-11-27,35.95000076293945,36.79999923706055,35.95000076293945,36.34999847412109,36.34999847412109,75039,BPL Limited
2009-11-30,36.54999923706055,37.79999923706055,35.79999923706055,36.900001525878906,36.900001525878906,58997,BPL Limited
2009-12-01,37.79999923706055,38.75,37.79999923706055,38.25,38.25,68680,BPL Limited
2009-12-02,38.25,40.20000076293945,37.04999923706055,40.20000076293945,40.20000076293945,100484,BPL Limited
2009-12-03,42.25,42.25,39.0,39.59999847412109,39.59999847412109,146742,BPL Limited
2009-12-04,39.5,39.5,37.650001525878906,38.20000076293945,38.20000076293945,95621,BPL Limited
2009-12-07,38.0,38.29999923706055,37.25,37.5,37.5,26686,BPL Limited
2009-12-08,37.09999847412109,39.0,36.59999847412109,37.75,37.75,44141,BPL Limited
2009-12-09,37.400001525878906,38.45000076293945,36.650001525878906,37.650001525878906,37.650001525878906,36793,BPL Limited
2009-12-10,37.650001525878906,38.45000076293945,37.0,37.70000076293945,37.70000076293945,32956,BPL Limited
2009-12-11,39.5,39.5,37.09999847412109,37.59999847412109,37.59999847412109,74552,BPL Limited
2009-12-14,37.45000076293945,38.400001525878906,36.5,36.650001525878906,36.650001525878906,43052,BPL Limited
2009-12-15,37.0,37.79999923706055,36.20000076293945,36.75,36.75,39473,BPL Limited
2009-12-16,37.400001525878906,37.400001525878906,35.5,36.54999923706055,36.54999923706055,26633,BPL Limited
2009-12-17,36.0,36.95000076293945,35.900001525878906,36.400001525878906,36.400001525878906,31711,BPL Limited
2009-12-18,37.75,37.75,35.0,35.5,35.5,24401,BPL Limited
2009-12-21,35.0,36.900001525878906,35.0,35.099998474121094,35.099998474121094,29628,BPL Limited
2009-12-22,35.0,36.25,34.20000076293945,35.70000076293945,35.70000076293945,25978,BPL Limited
2009-12-23,35.04999923706055,37.5,35.0,37.5,37.5,44545,BPL Limited
2009-12-24,39.400001525878906,39.400001525878906,36.54999923706055,36.95000076293945,36.95000076293945,77765,BPL Limited
2009-12-29,38.0,38.0,35.75,36.09999847412109,36.09999847412109,33096,BPL Limited
2009-12-30,36.900001525878906,36.95000076293945,35.79999923706055,36.400001525878906,36.400001525878906,30611,BPL Limited
2009-12-31,37.0,38.25,36.45000076293945,38.25,38.25,94248,BPL Limited
2010-01-04,38.25,39.0,37.0,38.150001525878906,38.150001525878906,78296,BPL Limited
2010-01-05,37.09999847412109,39.0,37.09999847412109,37.34999847412109,37.34999847412109,52623,BPL Limited
2010-01-06,38.0,38.75,36.59999847412109,36.95000076293945,36.95000076293945,87650,BPL Limited
2010-01-07,36.95000076293945,37.45000076293945,36.0,37.20000076293945,37.20000076293945,43746,BPL Limited
2010-01-08,37.400001525878906,37.84999847412109,36.54999923706055,37.04999923706055,37.04999923706055,32551,BPL Limited
2010-01-11,37.5,37.75,36.70000076293945,37.150001525878906,37.150001525878906,29503,BPL Limited
2010-01-12,37.59999847412109,38.0,36.5,36.75,36.75,66123,BPL Limited
2010-01-13,36.29999923706055,37.150001525878906,36.29999923706055,36.95000076293945,36.95000076293945,38853,BPL Limited
2010-01-14,37.900001525878906,37.900001525878906,37.0,37.45000076293945,37.45000076293945,34940,BPL Limited
2010-01-15,36.0,38.400001525878906,36.0,37.09999847412109,37.09999847412109,28331,BPL Limited
2010-01-18,36.95000076293945,37.59999847412109,36.75,37.20000076293945,37.20000076293945,19792,BPL Limited
2010-01-19,37.75,37.75,36.45000076293945,36.900001525878906,36.900001525878906,28784,BPL Limited
2010-01-20,37.0,38.0,36.5,36.650001525878906,36.650001525878906,36720,BPL Limited
2010-01-21,36.5,37.150001525878906,35.599998474121094,35.79999923706055,35.79999923706055,42497,BPL Limited
2010-01-22,34.70000076293945,35.849998474121094,34.099998474121094,35.29999923706055,35.29999923706055,33600,BPL Limited
2010-01-25,35.0,35.79999923706055,34.20000076293945,34.70000076293945,34.70000076293945,20991,BPL Limited
2010-01-27,34.70000076293945,35.25,33.099998474121094,33.75,33.75,29321,BPL Limited
2010-01-28,34.70000076293945,35.0,32.599998474121094,33.04999923706055,33.04999923706055,27971,BPL Limited
2010-01-29,33.599998474121094,34.70000076293945,32.099998474121094,34.70000076293945,34.70000076293945,42993,BPL Limited
2010-02-01,36.0,36.0,34.5,34.79999923706055,34.79999923706055,29737,BPL Limited
2010-02-02,35.95000076293945,35.95000076293945,34.5,34.599998474121094,34.599998474121094,12981,BPL Limited
2010-02-03,35.0,35.0,34.0,34.45000076293945,34.45000076293945,16990,BPL Limited
2010-02-04,33.0,34.900001525878906,33.0,33.5,33.5,17447,BPL Limited
2010-02-05,32.70000076293945,33.25,31.89999961853028,32.70000076293945,32.70000076293945,41374,BPL Limited
2010-02-08,34.900001525878906,34.900001525878906,32.75,33.400001525878906,33.400001525878906,13946,BPL Limited
2010-02-09,33.5,34.20000076293945,32.400001525878906,33.099998474121094,33.099998474121094,14994,BPL Limited
2010-02-10,33.849998474121094,33.849998474121094,33.0,33.349998474121094,33.349998474121094,16804,BPL Limited
2010-02-11,32.849998474121094,33.5,32.79999923706055,33.04999923706055,33.04999923706055,19431,BPL Limited
2010-02-15,34.099998474121094,34.099998474121094,32.79999923706055,33.099998474121094,33.099998474121094,9990,BPL Limited
2010-02-16,34.0,34.0,32.79999923706055,33.099998474121094,33.099998474121094,15060,BPL Limited
2010-02-17,34.45000076293945,34.45000076293945,33.349998474121094,33.599998474121094,33.599998474121094,14564,BPL Limited
2010-02-18,33.79999923706055,33.79999923706055,32.349998474121094,33.04999923706055,33.04999923706055,12231,BPL Limited
2010-02-19,32.04999923706055,34.70000076293945,32.04999923706055,33.349998474121094,33.349998474121094,77705,BPL Limited
2010-02-22,33.099998474121094,33.79999923706055,32.29999923706055,32.45000076293945,32.45000076293945,20408,BPL Limited
2010-02-23,32.25,33.0,32.25,32.400001525878906,32.400001525878906,9873,BPL Limited
2010-02-24,33.04999923706055,33.04999923706055,31.600000381469727,32.650001525878906,32.650001525878906,17339,BPL Limited
2010-02-25,32.95000076293945,32.95000076293945,32.0,32.25,32.25,40159,BPL Limited
2010-02-26,32.0,33.849998474121094,32.0,33.099998474121094,33.099998474121094,34731,BPL Limited
2010-03-02,34.20000076293945,34.79999923706055,32.04999923706055,34.79999923706055,34.79999923706055,116692,BPL Limited
2010-03-03,36.54999923706055,36.54999923706055,36.54999923706055,36.54999923706055,36.54999923706055,35455,BPL Limited
2010-03-04,38.400001525878906,38.400001525878906,35.70000076293945,36.150001525878906,36.150001525878906,263036,BPL Limited
2010-03-05,37.0,37.0,35.5,35.75,35.75,109626,BPL Limited
2010-03-08,35.0,37.45000076293945,35.0,35.849998474121094,35.849998474121094,75173,BPL Limited
2010-03-09,36.84999847412109,39.20000076293945,35.04999923706055,37.25,37.25,457006,BPL Limited
2010-03-10,38.70000076293945,38.70000076293945,37.0,37.400001525878906,37.400001525878906,167818,BPL Limited
2010-03-11,37.70000076293945,38.20000076293945,36.54999923706055,36.79999923706055,36.79999923706055,69337,BPL Limited
2010-03-12,37.25,37.79999923706055,35.20000076293945,35.5,35.5,47885,BPL Limited
2010-03-15,36.0,37.25,34.5,34.75,34.75,52855,BPL Limited
2010-03-16,34.099998474121094,36.04999923706055,34.099998474121094,35.29999923706055,35.29999923706055,61918,BPL Limited
2010-03-17,38.70000076293945,38.84999847412109,37.0,37.95000076293945,37.95000076293945,753870,BPL Limited
2010-03-18,39.5,40.0,37.29999923706055,37.54999923706055,37.54999923706055,258592,BPL Limited
2010-03-19,37.900001525878906,37.900001525878906,36.75,37.04999923706055,37.04999923706055,92654,BPL Limited
2010-03-22,36.0,37.09999847412109,35.0,36.29999923706055,36.29999923706055,128861,BPL Limited
2010-03-23,36.0,39.95000076293945,36.0,39.900001525878906,39.900001525878906,693406,BPL Limited
2010-03-25,41.5,42.29999923706055,39.25,39.70000076293945,39.70000076293945,801833,BPL Limited
2010-03-26,40.0,40.0,37.34999847412109,37.84999847412109,37.84999847412109,225419,BPL Limited
2010-03-29,37.5,39.150001525878906,37.45000076293945,37.70000076293945,37.70000076293945,154150,BPL Limited
2010-03-30,38.150001525878906,38.650001525878906,37.5,37.70000076293945,37.70000076293945,68456,BPL Limited
2010-03-31,37.70000076293945,38.34999847412109,37.29999923706055,37.75,37.75,68702,BPL Limited
2010-04-01,37.5,40.400001525878906,37.5,39.34999847412109,39.34999847412109,247937,BPL Limited
2010-04-05,39.400001525878906,40.5,38.54999923706055,38.900001525878906,38.900001525878906,131705,BPL Limited
2010-04-06,39.45000076293945,39.45000076293945,37.650001525878906,38.0,38.0,141082,BPL Limited
2010-04-07,38.70000076293945,40.5,38.0,38.84999847412109,38.84999847412109,163990,BPL Limited
2010-04-08,39.0,39.5,38.09999847412109,38.29999923706055,38.29999923706055,97652,BPL Limited
2010-04-09,38.650001525878906,39.09999847412109,38.04999923706055,38.29999923706055,38.29999923706055,106275,BPL Limited
2010-04-12,38.59999847412109,38.75,38.04999923706055,38.150001525878906,38.150001525878906,51080,BPL Limited
2010-04-13,38.150001525878906,38.34999847412109,37.650001525878906,37.75,37.75,43976,BPL Limited
2010-04-15,38.5,38.5,37.09999847412109,37.20000076293945,37.20000076293945,56698,BPL Limited
2010-04-16,37.59999847412109,37.70000076293945,37.0,37.150001525878906,37.150001525878906,68442,BPL Limited
2010-04-19,37.0,38.5,36.04999923706055,36.84999847412109,36.84999847412109,160634,BPL Limited
2010-04-20,36.75,37.84999847412109,36.75,36.95000076293945,36.95000076293945,109250,BPL Limited
2010-04-21,37.75,38.20000076293945,37.0,37.900001525878906,37.900001525878906,63604,BPL Limited
2010-04-22,38.5,40.20000076293945,37.70000076293945,38.95000076293945,38.95000076293945,333734,BPL Limited
2010-04-23,38.0,39.45000076293945,38.0,38.150001525878906,38.150001525878906,91123,BPL Limited
2010-04-26,38.5,41.45000076293945,38.5,40.150001525878906,40.150001525878906,600795,BPL Limited
2010-04-27,41.20000076293945,41.79999923706055,39.400001525878906,39.75,39.75,372923,BPL Limited
2010-04-28,39.400001525878906,39.5,38.20000076293945,38.59999847412109,38.59999847412109,110797,BPL Limited
2010-04-29,38.59999847412109,39.59999847412109,38.59999847412109,39.29999923706055,39.29999923706055,84268,BPL Limited
2010-04-30,39.20000076293945,39.70000076293945,38.29999923706055,38.54999923706055,38.54999923706055,52162,BPL Limited
2010-05-03,38.900001525878906,38.900001525878906,38.0,38.09999847412109,38.09999847412109,43466,BPL Limited
2010-05-04,37.5,39.25,36.75,37.04999923706055,37.04999923706055,58283,BPL Limited
2010-05-05,35.599998474121094,37.75,35.599998474121094,37.25,37.25,96867,BPL Limited
2010-05-06,37.0,38.75,35.79999923706055,37.5,37.5,140060,BPL Limited
2010-05-07,36.5,39.150001525878906,35.0,36.84999847412109,36.84999847412109,171597,BPL Limited
2010-05-10,37.150001525878906,38.79999923706055,37.04999923706055,37.95000076293945,37.95000076293945,62418,BPL Limited
2010-05-11,38.59999847412109,38.59999847412109,37.09999847412109,37.20000076293945,37.20000076293945,42594,BPL Limited
2010-05-12,37.20000076293945,37.5,36.0,36.25,36.25,63196,BPL Limited
2010-05-13,36.25,37.20000076293945,36.0,36.400001525878906,36.400001525878906,54710,BPL Limited
2010-05-14,36.59999847412109,36.59999847412109,35.349998474121094,35.45000076293945,35.45000076293945,54700,BPL Limited
2010-05-17,35.099998474121094,37.900001525878906,35.0,37.04999923706055,37.04999923706055,162886,BPL Limited
2010-05-18,37.25,37.5,36.04999923706055,36.150001525878906,36.150001525878906,51220,BPL Limited
2010-05-19,36.75,37.0,35.150001525878906,35.349998474121094,35.349998474121094,95006,BPL Limited
2010-05-20,35.349998474121094,36.0,35.0,35.150001525878906,35.150001525878906,35779,BPL Limited
2010-05-21,34.95000076293945,34.95000076293945,34.0,34.29999923706055,34.29999923706055,62698,BPL Limited
2010-05-24,36.20000076293945,36.20000076293945,34.599998474121094,34.900001525878906,34.900001525878906,40507,BPL Limited
2010-05-25,33.150001525878906,35.20000076293945,33.150001525878906,33.70000076293945,33.70000076293945,66719,BPL Limited
2010-05-26,34.099998474121094,34.70000076293945,34.0,34.150001525878906,34.150001525878906,45530,BPL Limited
2010-05-27,34.5,36.400001525878906,34.25,35.0,35.0,153485,BPL Limited
2010-05-28,35.650001525878906,36.400001525878906,35.099998474121094,35.70000076293945,35.70000076293945,170531,BPL Limited
2010-05-31,36.0,36.34999847412109,35.29999923706055,35.70000076293945,35.70000076293945,44661,BPL Limited
2010-06-01,36.0,36.0,34.599998474121094,34.75,34.75,60319,BPL Limited
2010-06-02,35.0,35.45000076293945,34.29999923706055,34.54999923706055,34.54999923706055,68996,BPL Limited
2010-06-03,35.0,35.45000076293945,34.400001525878906,34.599998474121094,34.599998474121094,59763,BPL Limited
2010-06-04,34.25,35.400001525878906,34.25,34.599998474121094,34.599998474121094,34963,BPL Limited
2010-06-07,34.0,34.29999923706055,33.5,33.79999923706055,33.79999923706055,34741,BPL Limited
2010-06-08,34.0,34.599998474121094,33.099998474121094,33.29999923706055,33.29999923706055,45097,BPL Limited
2010-06-09,33.900001525878906,34.25,33.150001525878906,33.45000076293945,33.45000076293945,35807,BPL Limited
2010-06-10,33.900001525878906,34.95000076293945,33.45000076293945,33.70000076293945,33.70000076293945,74676,BPL Limited
2010-06-11,34.0,34.70000076293945,33.75,33.900001525878906,33.900001525878906,46776,BPL Limited
2010-06-14,34.20000076293945,34.54999923706055,33.79999923706055,34.25,34.25,28438,BPL Limited
2010-06-15,34.400001525878906,34.599998474121094,33.95000076293945,34.099998474121094,34.099998474121094,38113,BPL Limited
2010-06-16,34.599998474121094,38.20000076293945,34.599998474121094,36.45000076293945,36.45000076293945,501071,BPL Limited
2010-06-17,37.900001525878906,38.79999923706055,37.25,37.59999847412109,37.59999847412109,462676,BPL Limited
2010-06-18,38.0,38.0,35.79999923706055,36.04999923706055,36.04999923706055,73696,BPL Limited
2010-06-21,36.25,38.04999923706055,33.04999923706055,37.29999923706055,37.29999923706055,157913,BPL Limited
2010-06-22,37.09999847412109,37.45000076293945,36.75,37.0,37.0,34076,BPL Limited
2010-06-23,37.0,42.900001525878906,36.59999847412109,40.5,40.5,944966,BPL Limited
2010-06-24,41.0,42.09999847412109,39.20000076293945,39.70000076293945,39.70000076293945,457644,BPL Limited
2010-06-25,39.70000076293945,41.79999923706055,38.650001525878906,39.150001525878906,39.150001525878906,284103,BPL Limited
2010-06-28,39.59999847412109,41.5,38.59999847412109,40.150001525878906,40.150001525878906,174884,BPL Limited
2010-06-29,40.400001525878906,43.75,39.54999923706055,42.79999923706055,42.79999923706055,2892320,BPL Limited
2010-06-30,41.84999847412109,42.400001525878906,40.59999847412109,41.70000076293945,41.70000076293945,592847,BPL Limited
2010-07-01,41.0,42.75,40.29999923706055,42.20000076293945,42.20000076293945,452876,BPL Limited
2010-07-02,43.400001525878906,47.79999923706055,42.650001525878906,43.0,43.0,1178122,BPL Limited
2010-07-05,42.0,43.400001525878906,40.95000076293945,41.29999923706055,41.29999923706055,199756,BPL Limited
2010-07-06,41.34999847412109,42.70000076293945,41.04999923706055,41.900001525878906,41.900001525878906,211418,BPL Limited
2010-07-07,42.5,42.54999923706055,40.5,40.59999847412109,40.59999847412109,152774,BPL Limited
2010-07-08,41.04999923706055,41.95000076293945,40.5,40.59999847412109,40.59999847412109,160947,BPL Limited
2010-07-09,40.75,42.34999847412109,40.75,41.20000076293945,41.20000076293945,267964,BPL Limited
2010-07-12,41.400001525878906,41.70000076293945,40.09999847412109,40.59999847412109,40.59999847412109,88640,BPL Limited
2010-07-13,40.29999923706055,41.0,40.29999923706055,40.45000076293945,40.45000076293945,54893,BPL Limited
2010-07-14,40.70000076293945,41.0,39.04999923706055,39.25,39.25,110635,BPL Limited
2010-07-15,39.900001525878906,40.900001525878906,39.09999847412109,39.900001525878906,39.900001525878906,179798,BPL Limited
2010-07-16,39.54999923706055,40.79999923706055,39.5,39.650001525878906,39.650001525878906,68260,BPL Limited
2010-07-19,40.20000076293945,41.650001525878906,39.34999847412109,40.900001525878906,40.900001525878906,413450,BPL Limited
2010-07-20,41.400001525878906,41.45000076293945,40.04999923706055,40.34999847412109,40.34999847412109,96631,BPL Limited
2010-07-21,40.5,40.70000076293945,39.59999847412109,39.75,39.75,66042,BPL Limited
2010-07-22,39.79999923706055,40.20000076293945,39.25,39.54999923706055,39.54999923706055,62064,BPL Limited
2010-07-23,40.0,40.25,39.0,39.20000076293945,39.20000076293945,65143,BPL Limited
2010-07-26,39.0,39.70000076293945,38.59999847412109,38.79999923706055,38.79999923706055,51512,BPL Limited
2010-07-27,38.900001525878906,39.75,38.34999847412109,38.650001525878906,38.650001525878906,71217,BPL Limited
2010-07-28,38.75,38.75,37.5,37.59999847412109,37.59999847412109,73275,BPL Limited
2010-07-29,37.59999847412109,38.20000076293945,37.0,37.150001525878906,37.150001525878906,70525,BPL Limited
2010-07-30,37.09999847412109,37.84999847412109,36.5,36.650001525878906,36.650001525878906,88768,BPL Limited
2010-08-02,37.0,37.5,36.59999847412109,37.09999847412109,37.09999847412109,79620,BPL Limited
2010-08-03,37.150001525878906,37.75,36.59999847412109,36.75,36.75,65016,BPL Limited
2010-08-04,36.5,39.20000076293945,36.5,38.54999923706055,38.54999923706055,212589,BPL Limited
2010-08-05,38.79999923706055,39.0,37.79999923706055,38.04999923706055,38.04999923706055,113552,BPL Limited
2010-08-06,37.5,39.29999923706055,37.5,38.04999923706055,38.04999923706055,108381,BPL Limited
2010-08-09,38.5,39.0,37.95000076293945,38.09999847412109,38.09999847412109,48561,BPL Limited
2010-08-10,38.20000076293945,40.5,37.54999923706055,38.75,38.75,228607,BPL Limited
2010-08-11,38.900001525878906,39.0,37.59999847412109,37.75,37.75,63152,BPL Limited
2010-08-12,37.59999847412109,37.95000076293945,37.20000076293945,37.34999847412109,37.34999847412109,63287,BPL Limited
2010-08-13,37.150001525878906,37.900001525878906,37.09999847412109,37.25,37.25,83383,BPL Limited
2010-08-16,37.650001525878906,38.54999923706055,36.59999847412109,36.84999847412109,36.84999847412109,92081,BPL Limited
2010-08-17,37.0,37.650001525878906,36.79999923706055,36.900001525878906,36.900001525878906,41941,BPL Limited
2010-08-18,37.0,37.59999847412109,36.84999847412109,37.150001525878906,37.150001525878906,51789,BPL Limited
2010-08-19,37.04999923706055,37.59999847412109,37.0,37.29999923706055,37.29999923706055,54459,BPL Limited
2010-08-20,37.09999847412109,38.70000076293945,37.09999847412109,37.54999923706055,37.54999923706055,140444,BPL Limited
2010-08-23,38.0,38.0,37.25,37.70000076293945,37.70000076293945,71069,BPL Limited
2010-08-24,37.900001525878906,37.900001525878906,36.70000076293945,36.95000076293945,36.95000076293945,56946,BPL Limited
2010-08-25,37.0,37.20000076293945,36.0,36.150001525878906,36.150001525878906,85742,BPL Limited
2010-08-26,36.79999923706055,36.79999923706055,36.0,36.20000076293945,36.20000076293945,68933,BPL Limited
2010-08-27,36.59999847412109,37.400001525878906,35.79999923706055,35.900001525878906,35.900001525878906,92863,BPL Limited
2010-08-30,36.75,36.95000076293945,35.349998474121094,35.5,35.5,53625,BPL Limited
2010-08-31,35.95000076293945,36.0,34.599998474121094,34.79999923706055,34.79999923706055,79176,BPL Limited
2010-09-01,35.0,35.70000076293945,34.900001525878906,35.099998474121094,35.099998474121094,66723,BPL Limited
2010-09-02,35.75,35.900001525878906,35.099998474121094,35.599998474121094,35.599998474121094,51861,BPL Limited
2010-09-03,36.75,36.75,35.099998474121094,35.75,35.75,65302,BPL Limited
2010-09-06,36.0,38.59999847412109,36.0,38.150001525878906,38.150001525878906,262108,BPL Limited
2010-09-07,38.650001525878906,38.650001525878906,37.0,37.150001525878906,37.150001525878906,84218,BPL Limited
2010-09-08,37.5,37.5,36.59999847412109,37.0,37.0,59731,BPL Limited
2010-09-09,36.84999847412109,37.75,36.75,36.95000076293945,36.95000076293945,54876,BPL Limited
2010-09-13,37.04999923706055,41.04999923706055,37.04999923706055,39.25,39.25,862131,BPL Limited
2010-09-14,39.79999923706055,46.400001525878906,39.29999923706055,42.95000076293945,42.95000076293945,6282845,BPL Limited
2010-09-15,44.04999923706055,44.04999923706055,41.45000076293945,41.79999923706055,41.79999923706055,1208187,BPL Limited
2010-09-16,40.59999847412109,42.150001525878906,40.09999847412109,40.5,40.5,419711,BPL Limited
2010-09-17,40.900001525878906,44.150001525878906,40.20000076293945,42.59999847412109,42.59999847412109,909978,BPL Limited
2010-09-20,42.09999847412109,43.09999847412109,41.29999923706055,41.650001525878906,41.650001525878906,270714,BPL Limited
2010-09-21,41.650001525878906,42.400001525878906,40.0,40.34999847412109,40.34999847412109,227035,BPL Limited
2010-09-22,40.150001525878906,40.84999847412109,38.79999923706055,39.400001525878906,39.400001525878906,198831,BPL Limited
2010-09-23,39.34999847412109,41.75,38.20000076293945,40.25,40.25,307196,BPL Limited
2010-09-24,40.20000076293945,41.0,39.84999847412109,40.04999923706055,40.04999923706055,92842,BPL Limited
2010-09-27,40.900001525878906,40.900001525878906,39.5,39.70000076293945,39.70000076293945,67240,BPL Limited
2010-09-28,39.900001525878906,40.400001525878906,39.150001525878906,39.34999847412109,39.34999847412109,105898,BPL Limited
2010-09-29,39.95000076293945,39.95000076293945,38.20000076293945,38.400001525878906,38.400001525878906,92511,BPL Limited
2010-09-30,38.650001525878906,42.150001525878906,38.150001525878906,40.0,40.0,738747,BPL Limited
2010-10-01,40.54999923706055,41.34999847412109,40.04999923706055,40.20000076293945,40.20000076293945,186534,BPL Limited
2010-10-04,40.5,41.150001525878906,38.25,39.54999923706055,39.54999923706055,121672,BPL Limited
2010-10-05,38.25,41.09999847412109,38.25,39.79999923706055,39.79999923706055,164752,BPL Limited
2010-10-06,40.20000076293945,41.150001525878906,40.20000076293945,40.59999847412109,40.59999847412109,153194,BPL Limited
2010-10-07,40.54999923706055,42.400001525878906,39.70000076293945,40.0,40.0,472442,BPL Limited
2010-10-08,40.5,40.900001525878906,39.54999923706055,39.95000076293945,39.95000076293945,142282,BPL Limited
2010-10-11,40.59999847412109,41.5,40.0,40.25,40.25,187642,BPL Limited
2010-10-12,40.20000076293945,40.70000076293945,39.5,39.84999847412109,39.84999847412109,94830,BPL Limited
2010-10-13,39.84999847412109,41.5,39.84999847412109,40.20000076293945,40.20000076293945,309841,BPL Limited
2010-10-14,40.650001525878906,40.70000076293945,39.29999923706055,39.59999847412109,39.59999847412109,124844,BPL Limited
2010-10-15,40.0,40.400001525878906,39.0,39.150001525878906,39.150001525878906,108288,BPL Limited
2010-10-18,39.25,39.400001525878906,38.29999923706055,38.650001525878906,38.650001525878906,74644,BPL Limited
2010-10-19,39.0,39.95000076293945,38.29999923706055,38.34999847412109,38.34999847412109,83134,BPL Limited
2010-10-20,38.5,39.70000076293945,38.04999923706055,38.29999923706055,38.29999923706055,186340,BPL Limited
2010-10-21,38.09999847412109,39.29999923706055,38.09999847412109,38.650001525878906,38.650001525878906,89708,BPL Limited
2010-10-22,39.0,39.5,38.0,38.25,38.25,130587,BPL Limited
2010-10-25,38.650001525878906,39.150001525878906,37.900001525878906,38.20000076293945,38.20000076293945,73868,BPL Limited
2010-10-26,38.34999847412109,40.34999847412109,38.25,38.84999847412109,38.84999847412109,344490,BPL Limited
2010-10-27,38.75,39.09999847412109,38.0,38.09999847412109,38.09999847412109,145661,BPL Limited
2010-10-28,38.34999847412109,38.650001525878906,37.84999847412109,38.09999847412109,38.09999847412109,71155,BPL Limited
2010-10-29,38.0,38.400001525878906,37.09999847412109,37.34999847412109,37.34999847412109,73151,BPL Limited
2010-11-01,38.0,38.79999923706055,37.25,37.400001525878906,37.400001525878906,53199,BPL Limited
2010-11-02,37.54999923706055,38.09999847412109,37.25,37.34999847412109,37.34999847412109,43166,BPL Limited
2010-11-03,37.59999847412109,38.650001525878906,37.54999923706055,37.84999847412109,37.84999847412109,135741,BPL Limited
2010-11-04,37.59999847412109,38.20000076293945,37.59999847412109,37.84999847412109,37.84999847412109,41582,BPL Limited
2010-11-08,38.45000076293945,38.95000076293945,37.5,38.54999923706055,38.54999923706055,76073,BPL Limited
2010-11-09,38.95000076293945,41.25,38.29999923706055,40.59999847412109,40.59999847412109,606211,BPL Limited
2010-11-10,40.79999923706055,45.650001525878906,40.09999847412109,42.25,42.25,1891349,BPL Limited
2010-11-11,42.900001525878906,43.45000076293945,40.09999847412109,40.59999847412109,40.59999847412109,286865,BPL Limited
2010-11-12,41.0,41.79999923706055,39.0,39.25,39.25,210756,BPL Limited
2010-11-15,39.0,39.79999923706055,38.5,39.34999847412109,39.34999847412109,119922,BPL Limited
2010-11-16,39.0,39.400001525878906,37.5,37.70000076293945,37.70000076293945,119789,BPL Limited
2010-11-18,38.0,38.20000076293945,36.20000076293945,36.84999847412109,36.84999847412109,83114,BPL Limited
2010-11-19,37.400001525878906,38.150001525878906,36.25,36.70000076293945,36.70000076293945,139089,BPL Limited
2010-11-22,36.34999847412109,37.59999847412109,36.29999923706055,37.0,37.0,73663,BPL Limited
2010-11-23,37.45000076293945,37.45000076293945,34.5,36.34999847412109,36.34999847412109,85157,BPL Limited
2010-11-24,36.70000076293945,37.5,35.099998474121094,35.599998474121094,35.599998474121094,79644,BPL Limited
2010-11-25,36.0,36.400001525878906,35.0,35.20000076293945,35.20000076293945,62197,BPL Limited
2010-11-26,35.0,35.400001525878906,31.850000381469727,32.54999923706055,32.54999923706055,133961,BPL Limited
2010-11-29,33.099998474121094,33.599998474121094,31.5,33.29999923706055,33.29999923706055,49232,BPL Limited
2010-11-30,33.900001525878906,34.900001525878906,32.70000076293945,33.400001525878906,33.400001525878906,113771,BPL Limited
2010-12-01,34.0,35.650001525878906,33.599998474121094,35.25,35.25,100055,BPL Limited
2010-12-02,35.29999923706055,36.20000076293945,35.150001525878906,35.400001525878906,35.400001525878906,98149,BPL Limited
2010-12-03,35.70000076293945,35.70000076293945,33.25,33.650001525878906,33.650001525878906,92545,BPL Limited
2010-12-06,33.95000076293945,34.45000076293945,33.5,33.79999923706055,33.79999923706055,54044,BPL Limited
2010-12-07,33.650001525878906,34.29999923706055,33.20000076293945,33.29999923706055,33.29999923706055,39577,BPL Limited
2010-12-08,33.650001525878906,33.650001525878906,32.54999923706055,32.650001525878906,32.650001525878906,43801,BPL Limited
2010-12-09,32.79999923706055,32.79999923706055,30.64999961853028,30.950000762939453,30.950000762939453,76665,BPL Limited
2010-12-10,30.64999961853028,31.75,30.0,31.25,31.25,72710,BPL Limited
2010-12-13,31.5,32.29999923706055,31.14999961853028,32.04999923706055,32.04999923706055,34123,BPL Limited
2010-12-14,32.599998474121094,32.900001525878906,31.799999237060547,32.54999923706055,32.54999923706055,72366,BPL Limited
2010-12-15,32.5,33.5,31.700000762939453,31.950000762939453,31.950000762939453,46959,BPL Limited
2010-12-16,32.400001525878906,32.400001525878906,31.299999237060547,31.850000381469727,31.850000381469727,39866,BPL Limited
2010-12-20,32.0,32.5,31.549999237060547,32.0,32.0,22869,BPL Limited
2010-12-21,32.0,33.25,32.0,32.099998474121094,32.099998474121094,79790,BPL Limited
2010-12-22,32.25,32.75,31.799999237060547,31.89999961853028,31.89999961853028,39457,BPL Limited
2010-12-23,32.0,32.70000076293945,32.0,32.20000076293945,32.20000076293945,19908,BPL Limited
2010-12-24,32.150001525878906,32.150001525878906,31.549999237060547,31.75,31.75,41322,BPL Limited
2010-12-27,31.549999237060547,32.5,31.549999237060547,31.75,31.75,20637,BPL Limited
2010-12-28,32.29999923706055,32.29999923706055,31.600000381469727,31.700000762939453,31.700000762939453,19758,BPL Limited
2010-12-29,31.700000762939453,33.0,31.700000762939453,32.400001525878906,32.400001525878906,93357,BPL Limited
2010-12-30,32.650001525878906,32.650001525878906,32.099998474121094,32.349998474121094,32.349998474121094,42674,BPL Limited
2010-12-31,32.599998474121094,33.5,32.400001525878906,32.900001525878906,32.900001525878906,101382,BPL Limited
2011-01-03,33.400001525878906,34.400001525878906,33.150001525878906,33.95000076293945,33.95000076293945,117221,BPL Limited
2011-01-04,34.25,34.5,33.04999923706055,33.29999923706055,33.29999923706055,97137,BPL Limited
2011-01-05,33.29999923706055,33.400001525878906,32.599998474121094,32.75,32.75,57257,BPL Limited
2011-01-06,33.0,33.25,32.45000076293945,32.70000076293945,32.70000076293945,22592,BPL Limited
2011-01-07,32.150001525878906,32.650001525878906,31.299999237060547,31.5,31.5,41969,BPL Limited
2011-01-10,31.89999961853028,31.89999961853028,30.100000381469727,30.39999961853028,30.39999961853028,76108,BPL Limited
2011-01-11,30.600000381469727,30.950000762939453,29.600000381469727,30.0,30.0,51521,BPL Limited
2011-01-12,30.5,30.5,29.350000381469727,30.25,30.25,55226,BPL Limited
2011-01-13,28.200000762939453,30.700000762939453,28.200000762939453,29.75,29.75,44159,BPL Limited
2011-01-14,29.75,30.25,29.5,29.64999961853028,29.64999961853028,16590,BPL Limited
2011-01-17,30.600000381469727,30.600000381469727,28.549999237060547,28.799999237060547,28.799999237060547,38160,BPL Limited
2011-01-18,29.100000381469727,30.0,28.5,28.700000762939453,28.700000762939453,28743,BPL Limited
2011-01-19,29.39999961853028,29.39999961853028,28.5,28.600000381469727,28.600000381469727,19009,BPL Limited
2011-01-20,28.850000381469727,28.850000381469727,28.049999237060547,28.549999237060547,28.549999237060547,33569,BPL Limited
2011-01-21,28.299999237060547,28.89999961853028,28.200000762939453,28.450000762939453,28.450000762939453,19733,BPL Limited
2011-01-24,28.700000762939453,29.100000381469727,28.0,28.14999961853028,28.14999961853028,35179,BPL Limited
2011-01-25,28.350000381469727,28.700000762939453,28.0,28.049999237060547,28.049999237060547,42502,BPL Limited
2011-01-27,28.25,28.25,27.39999961853028,27.700000762939453,27.700000762939453,27454,BPL Limited
2011-01-28,27.100000381469727,27.450000762939453,25.25,25.850000381469727,25.850000381469727,53280,BPL Limited
2011-01-31,25.5,25.600000381469727,24.350000381469727,25.39999961853028,25.39999961853028,36813,BPL Limited
2011-02-01,25.600000381469727,25.600000381469727,24.049999237060547,24.25,24.25,30795,BPL Limited
2011-02-02,24.5,25.0,24.0,24.14999961853028,24.14999961853028,32418,BPL Limited
2011-02-03,24.0,24.64999961853028,24.0,24.299999237060547,24.299999237060547,29355,BPL Limited
2011-02-04,24.5,25.0,23.5,23.89999961853028,23.89999961853028,37356,BPL Limited
2011-02-07,23.799999237060547,24.350000381469727,23.25,23.450000762939453,23.450000762939453,33167,BPL Limited
2011-02-08,23.200000762939453,23.89999961853028,22.39999961853028,22.549999237060547,22.549999237060547,26363,BPL Limited
2011-02-09,22.5,23.25,20.5,21.200000762939453,21.200000762939453,54235,BPL Limited
2011-02-10,21.25,21.25,19.5,20.350000381469727,20.350000381469727,61995,BPL Limited
2011-02-11,20.25,22.25,20.0,21.799999237060547,21.799999237060547,52395,BPL Limited
2011-02-14,23.0,25.0,22.100000381469727,24.350000381469727,24.350000381469727,102665,BPL Limited
2011-02-15,24.5,24.89999961853028,23.100000381469727,23.700000762939453,23.700000762939453,51550,BPL Limited
2011-02-16,23.350000381469727,24.5,22.450000762939453,24.0,24.0,36883,BPL Limited
2011-02-17,24.89999961853028,25.0,23.850000381469727,24.549999237060547,24.549999237060547,31742,BPL Limited
2011-02-18,24.75,25.25,23.5,23.700000762939453,23.700000762939453,46313,BPL Limited
2011-02-21,23.5,23.850000381469727,22.75,23.549999237060547,23.549999237060547,19213,BPL Limited
2011-02-22,23.39999961853028,23.89999961853028,23.0,23.100000381469727,23.100000381469727,14815,BPL Limited
2011-02-23,23.0,24.700000762939453,22.549999237060547,23.600000381469727,23.600000381469727,37200,BPL Limited
2011-02-24,23.0,23.39999961853028,21.549999237060547,21.950000762939453,21.950000762939453,47089,BPL Limited
2011-02-25,21.64999961853028,22.89999961853028,21.14999961853028,22.5,22.5,26198,BPL Limited
2011-02-28,22.549999237060547,23.200000762939453,22.0,22.049999237060547,22.049999237060547,23366,BPL Limited
2011-03-01,22.600000381469727,23.100000381469727,22.25,23.0,23.0,25750,BPL Limited
2011-03-03,22.799999237060547,23.75,22.64999961853028,23.200000762939453,23.200000762939453,28580,BPL Limited
2011-03-04,23.299999237060547,23.700000762939453,23.200000762939453,23.549999237060547,23.549999237060547,49068,BPL Limited
2011-03-07,25.0,25.0,22.549999237060547,22.799999237060547,22.799999237060547,119629,BPL Limited
2011-03-08,22.799999237060547,23.39999961853028,22.700000762939453,22.950000762939453,22.950000762939453,27376,BPL Limited
2011-03-09,23.0,23.25,22.549999237060547,22.850000381469727,22.850000381469727,14759,BPL Limited
2011-03-10,23.049999237060547,23.100000381469727,22.299999237060547,22.850000381469727,22.850000381469727,17045,BPL Limited
2011-03-11,22.89999961853028,23.200000762939453,21.100000381469727,22.0,22.0,26087,BPL Limited
2011-03-14,21.799999237060547,22.450000762939453,21.799999237060547,22.100000381469727,22.100000381469727,27416,BPL Limited
2011-03-15,21.799999237060547,22.600000381469727,21.39999961853028,22.049999237060547,22.049999237060547,19897,BPL Limited
2011-03-16,22.0,23.0,21.200000762939453,21.850000381469727,21.850000381469727,41772,BPL Limited
2011-03-17,21.799999237060547,22.549999237060547,21.600000381469727,21.75,21.75,38615,BPL Limited
2011-03-18,22.0,22.200000762939453,21.75,21.850000381469727,21.850000381469727,11010,BPL Limited
2011-03-21,22.0,22.14999961853028,21.600000381469727,21.64999961853028,21.64999961853028,28195,BPL Limited
2011-03-22,21.850000381469727,22.200000762939453,21.64999961853028,21.75,21.75,24110,BPL Limited
2011-03-23,21.850000381469727,22.64999961853028,21.799999237060547,22.299999237060547,22.299999237060547,96109,BPL Limited
2011-03-24,22.549999237060547,22.75,22.25,22.39999961853028,22.39999961853028,31318,BPL Limited
2011-03-25,23.14999961853028,23.25,22.14999961853028,22.299999237060547,22.299999237060547,35426,BPL Limited
2011-03-28,22.75,22.89999961853028,21.850000381469727,22.0,22.0,56447,BPL Limited
2011-03-29,22.39999961853028,22.450000762939453,21.600000381469727,21.799999237060547,21.799999237060547,52302,BPL Limited
2011-03-30,22.299999237060547,22.39999961853028,22.100000381469727,22.25,22.25,28632,BPL Limited
2011-03-31,22.299999237060547,22.700000762939453,22.0,22.049999237060547,22.049999237060547,31179,BPL Limited
2011-04-01,22.100000381469727,23.799999237060547,22.100000381469727,23.350000381469727,23.350000381469727,89923,BPL Limited
2011-04-04,23.700000762939453,24.5,23.5,24.200000762939453,24.200000762939453,69823,BPL Limited
2011-04-05,24.700000762939453,29.049999237060547,24.049999237060547,29.049999237060547,29.049999237060547,552983,BPL Limited
2011-04-06,30.89999961853028,31.89999961853028,30.14999961853028,31.100000381469727,31.100000381469727,1397267,BPL Limited
2011-04-07,31.14999961853028,31.14999961853028,29.350000381469727,29.950000762939453,29.950000762939453,171638,BPL Limited
2011-04-08,30.39999961853028,30.39999961853028,28.25,28.549999237060547,28.549999237060547,116857,BPL Limited
2011-04-11,28.600000381469727,28.850000381469727,26.5,27.049999237060547,27.049999237060547,114885,BPL Limited
2011-04-13,26.39999961853028,28.39999961853028,26.14999961853028,27.64999961853028,27.64999961853028,117817,BPL Limited
2011-04-15,27.850000381469727,28.549999237060547,27.100000381469727,27.450000762939453,27.450000762939453,73337,BPL Limited
2011-04-18,27.25,28.850000381469727,27.25,27.700000762939453,27.700000762939453,59346,BPL Limited
2011-04-19,27.549999237060547,28.5,26.64999961853028,27.25,27.25,16159,BPL Limited
2011-04-20,26.049999237060547,28.0,26.049999237060547,27.14999961853028,27.14999961853028,20582,BPL Limited
2011-04-21,27.850000381469727,27.89999961853028,26.549999237060547,26.799999237060547,26.799999237060547,10964,BPL Limited
2011-04-25,27.0,27.850000381469727,26.0,26.450000762939453,26.450000762939453,11256,BPL Limited
2011-04-26,27.299999237060547,27.299999237060547,25.64999961853028,25.950000762939453,25.950000762939453,11286,BPL Limited
2011-04-27,26.049999237060547,26.799999237060547,25.0,25.799999237060547,25.799999237060547,12390,BPL Limited
2011-04-28,25.5,26.14999961853028,25.450000762939453,25.64999961853028,25.64999961853028,11435,BPL Limited
2011-04-29,25.5,26.25,25.0,25.549999237060547,25.549999237060547,13670,BPL Limited
2011-05-02,26.0,26.0,25.100000381469727,25.450000762939453,25.450000762939453,17258,BPL Limited
2011-05-03,25.14999961853028,25.600000381469727,25.14999961853028,25.299999237060547,25.299999237060547,5566,BPL Limited
2011-05-04,26.39999961853028,26.39999961853028,24.25,24.799999237060547,24.799999237060547,31874,BPL Limited
2011-05-05,25.0,25.200000762939453,23.600000381469727,23.950000762939453,23.950000762939453,22239,BPL Limited
2011-05-06,24.0,24.799999237060547,23.799999237060547,24.350000381469727,24.350000381469727,15615,BPL Limited
2011-05-09,24.0,24.850000381469727,23.64999961853028,23.850000381469727,23.850000381469727,19243,BPL Limited
2011-05-10,23.049999237060547,24.350000381469727,23.049999237060547,23.700000762939453,23.700000762939453,8893,BPL Limited
2011-05-11,23.700000762939453,24.25,23.5,23.799999237060547,23.799999237060547,9376,BPL Limited
2011-05-12,24.0,24.14999961853028,23.25,23.39999961853028,23.39999961853028,8139,BPL Limited
2011-05-13,23.39999961853028,24.0,23.0,23.75,23.75,6641,BPL Limited
2011-05-16,23.549999237060547,24.0,23.14999961853028,23.89999961853028,23.89999961853028,12750,BPL Limited
2011-05-17,23.14999961853028,24.25,23.14999961853028,23.549999237060547,23.549999237060547,7692,BPL Limited
2011-05-18,23.39999961853028,23.64999961853028,23.100000381469727,23.25,23.25,6534,BPL Limited
2011-05-19,23.100000381469727,23.5,22.14999961853028,22.700000762939453,22.700000762939453,6524,BPL Limited
2011-05-20,22.25,23.25,22.25,23.0,23.0,7277,BPL Limited
2011-05-23,22.299999237060547,22.75,21.89999961853028,22.25,22.25,20140,BPL Limited
2011-05-24,21.799999237060547,22.5,21.799999237060547,22.100000381469727,22.100000381469727,6013,BPL Limited
2011-05-25,21.799999237060547,22.89999961853028,21.75,22.14999961853028,22.14999961853028,16400,BPL Limited
2011-05-26,22.25,22.64999961853028,22.0,22.39999961853028,22.39999961853028,8999,BPL Limited
2011-05-27,22.600000381469727,23.25,22.25,23.0,23.0,22292,BPL Limited
2011-05-30,23.549999237060547,24.14999961853028,23.549999237060547,24.14999961853028,24.14999961853028,22646,BPL Limited
2011-05-31,24.89999961853028,25.39999961853028,24.799999237060547,25.39999961853028,25.39999961853028,43787,BPL Limited
2011-06-01,26.0,26.549999237060547,24.14999961853028,25.100000381469727,25.100000381469727,38600,BPL Limited
2011-06-02,24.0,25.200000762939453,24.0,24.39999961853028,24.39999961853028,18853,BPL Limited
2011-06-03,24.75,24.75,23.75,23.799999237060547,23.799999237060547,15607,BPL Limited
2011-06-06,24.450000762939453,25.0,23.100000381469727,23.39999961853028,23.39999961853028,9343,BPL Limited
2011-06-07,23.700000762939453,23.700000762939453,23.14999961853028,23.549999237060547,23.549999237060547,7223,BPL Limited
2011-06-08,23.299999237060547,23.850000381469727,23.299999237060547,23.600000381469727,23.600000381469727,6066,BPL Limited
2011-06-09,24.100000381469727,24.100000381469727,23.100000381469727,23.39999961853028,23.39999961853028,3790,BPL Limited
2011-06-10,24.0,24.0,23.39999961853028,23.75,23.75,11460,BPL Limited
2011-06-13,23.700000762939453,24.0,23.350000381469727,23.850000381469727,23.850000381469727,7905,BPL Limited
2011-06-14,23.549999237060547,24.89999961853028,23.549999237060547,24.299999237060547,24.299999237060547,10319,BPL Limited
2011-06-15,24.25,24.25,23.89999961853028,23.950000762939453,23.950000762939453,10910,BPL Limited
2011-06-16,23.5,24.5,23.5,24.200000762939453,24.200000762939453,10071,BPL Limited
2011-06-17,23.549999237060547,24.39999961853028,23.5,23.549999237060547,23.549999237060547,12847,BPL Limited
2011-06-20,23.5,23.799999237060547,22.39999961853028,22.5,22.5,33700,BPL Limited
2011-06-21,22.5,23.0,22.100000381469727,22.350000381469727,22.350000381469727,15520,BPL Limited
2011-06-22,23.100000381469727,23.100000381469727,21.89999961853028,22.450000762939453,22.450000762939453,21475,BPL Limited
2011-06-23,21.75,22.5,21.75,22.14999961853028,22.14999961853028,11553,BPL Limited
2011-06-24,22.700000762939453,23.299999237060547,22.14999961853028,23.299999237060547,23.299999237060547,35752,BPL Limited
2011-06-27,23.850000381469727,23.950000762939453,23.14999961853028,23.39999961853028,23.39999961853028,35366,BPL Limited
2011-06-28,23.64999961853028,23.850000381469727,22.850000381469727,23.100000381469727,23.100000381469727,17355,BPL Limited
2011-06-29,22.5,23.799999237060547,22.5,23.39999961853028,23.39999961853028,20218,BPL Limited
2011-06-30,23.549999237060547,24.549999237060547,23.100000381469727,24.299999237060547,24.299999237060547,46854,BPL Limited
2011-07-01,25.0,25.549999237060547,24.25,25.200000762939453,25.200000762939453,63702,BPL Limited
2011-07-04,25.89999961853028,26.049999237060547,24.39999961853028,24.64999961853028,24.64999961853028,35622,BPL Limited
2011-07-05,23.75,25.600000381469727,23.75,24.799999237060547,24.799999237060547,22555,BPL Limited
2011-07-06,25.14999961853028,25.14999961853028,24.299999237060547,24.39999961853028,24.39999961853028,20266,BPL Limited
2011-07-07,24.549999237060547,24.700000762939453,24.299999237060547,24.600000381469727,24.600000381469727,14988,BPL Limited
2011-07-08,24.75,25.14999961853028,24.350000381469727,24.5,24.5,27695,BPL Limited
2011-07-11,25.350000381469727,25.39999961853028,23.600000381469727,24.25,24.25,25642,BPL Limited
2011-07-12,24.299999237060547,26.700000762939453,24.299999237060547,26.700000762939453,26.700000762939453,475061,BPL Limited
2011-07-13,27.0,27.950000762939453,25.39999961853028,25.700000762939453,25.700000762939453,263809,BPL Limited
2011-07-14,25.549999237060547,26.64999961853028,25.350000381469727,25.549999237060547,25.549999237060547,36977,BPL Limited
2011-07-15,25.39999961853028,26.5,25.100000381469727,25.39999961853028,25.39999961853028,44495,BPL Limited
2011-07-18,26.89999961853028,27.700000762939453,25.89999961853028,26.89999961853028,26.89999961853028,383340,BPL Limited
2011-07-19,26.299999237060547,26.950000762939453,26.049999237060547,26.299999237060547,26.299999237060547,71075,BPL Limited
2011-07-20,26.25,27.799999237060547,25.549999237060547,25.700000762939453,25.700000762939453,49243,BPL Limited
2011-07-21,26.25,26.25,25.049999237060547,25.350000381469727,25.350000381469727,33918,BPL Limited
2011-07-22,25.64999961853028,25.850000381469727,25.100000381469727,25.299999237060547,25.299999237060547,29885,BPL Limited
2011-07-25,25.299999237060547,27.200000762939453,24.799999237060547,26.75,26.75,91657,BPL Limited
2011-07-26,26.75,26.799999237060547,25.25,25.5,25.5,47868,BPL Limited
2011-07-27,25.299999237060547,26.450000762939453,25.100000381469727,25.39999961853028,25.39999961853028,43239,BPL Limited
2011-07-28,24.5,25.5,24.5,25.39999961853028,25.39999961853028,12486,BPL Limited
2011-07-29,25.14999961853028,25.75,24.5,25.25,25.25,22477,BPL Limited
2011-08-01,25.600000381469727,25.600000381469727,24.850000381469727,25.0,25.0,17115,BPL Limited
2011-08-02,25.0,25.0,24.299999237060547,24.64999961853028,24.64999961853028,24795,BPL Limited
2011-08-03,24.0,24.799999237060547,24.0,24.5,24.5,15904,BPL Limited
2011-08-04,24.5,25.0,24.0,24.25,24.25,14080,BPL Limited
2011-08-05,23.14999961853028,23.700000762939453,22.39999961853028,22.75,22.75,43329,BPL Limited
2011-08-08,22.0,22.5,21.049999237060547,21.5,21.5,47295,BPL Limited
2011-08-09,21.049999237060547,22.25,19.350000381469727,21.100000381469727,21.100000381469727,36877,BPL Limited
2011-08-10,21.5,22.700000762939453,21.5,22.5,22.5,34342,BPL Limited
2011-08-11,22.0,22.700000762939453,21.5,22.5,22.5,22981,BPL Limited
2011-08-12,23.450000762939453,23.700000762939453,22.25,22.39999961853028,22.39999961853028,40577,BPL Limited
2011-08-16,24.0,24.0,21.600000381469727,22.14999961853028,22.14999961853028,29745,BPL Limited
2011-08-17,22.200000762939453,22.700000762939453,20.549999237060547,21.049999237060547,21.049999237060547,34997,BPL Limited
2011-08-18,20.64999961853028,21.25,20.39999961853028,20.600000381469727,20.600000381469727,27690,BPL Limited
2011-08-19,20.5,20.5,19.549999237060547,20.049999237060547,20.049999237060547,39031,BPL Limited
2011-08-22,21.39999961853028,21.39999961853028,20.049999237060547,21.049999237060547,21.049999237060547,17604,BPL Limited
2011-08-23,21.0,21.350000381469727,20.100000381469727,21.200000762939453,21.200000762939453,58964,BPL Limited
2011-08-24,21.39999961853028,21.39999961853028,21.0,21.049999237060547,21.049999237060547,16573,BPL Limited
2011-08-25,21.299999237060547,21.549999237060547,20.64999961853028,20.850000381469727,20.850000381469727,18055,BPL Limited
2011-08-26,20.600000381469727,21.100000381469727,19.75,20.14999961853028,20.14999961853028,19481,BPL Limited
2011-08-29,21.450000762939453,21.450000762939453,18.549999237060547,20.600000381469727,20.600000381469727,30534,BPL Limited
2011-08-30,20.700000762939453,21.39999961853028,20.549999237060547,20.799999237060547,20.799999237060547,21343,BPL Limited
2011-09-02,20.799999237060547,21.39999961853028,20.799999237060547,21.14999961853028,21.14999961853028,21681,BPL Limited
2011-09-05,21.25,21.25,20.39999961853028,20.799999237060547,20.799999237060547,18252,BPL Limited
2011-09-06,20.450000762939453,21.25,20.450000762939453,21.049999237060547,21.049999237060547,19208,BPL Limited
2011-09-07,21.450000762939453,21.75,21.200000762939453,21.549999237060547,21.549999237060547,33768,BPL Limited
2011-09-08,21.600000381469727,23.350000381469727,21.600000381469727,22.600000381469727,22.600000381469727,65235,BPL Limited
2011-09-09,22.700000762939453,22.799999237060547,21.700000762939453,21.799999237060547,21.799999237060547,33438,BPL Limited
2011-09-12,21.799999237060547,22.0,20.89999961853028,21.100000381469727,21.100000381469727,27678,BPL Limited
2011-09-13,21.200000762939453,22.0,21.049999237060547,21.299999237060547,21.299999237060547,27854,BPL Limited
2011-09-14,21.450000762939453,22.600000381469727,21.299999237060547,21.89999961853028,21.89999961853028,74414,BPL Limited
2011-09-15,21.89999961853028,22.0,21.64999961853028,21.75,21.75,6591,BPL Limited
2011-09-16,22.0,22.0,21.5,21.700000762939453,21.700000762939453,12901,BPL Limited
2011-09-19,21.450000762939453,21.799999237060547,21.39999961853028,21.549999237060547,21.549999237060547,4501,BPL Limited
2011-09-20,21.5,21.799999237060547,21.299999237060547,21.600000381469727,21.600000381469727,12578,BPL Limited
2011-09-21,21.5,21.89999961853028,21.39999961853028,21.700000762939453,21.700000762939453,12366,BPL Limited
2011-09-22,21.39999961853028,21.799999237060547,20.64999961853028,21.049999237060547,21.049999237060547,32649,BPL Limited
2011-09-23,21.049999237060547,21.049999237060547,20.100000381469727,20.39999961853028,20.39999961853028,48352,BPL Limited
2011-09-26,20.5,20.799999237060547,19.100000381469727,20.14999961853028,20.14999961853028,27705,BPL Limited
2011-09-27,21.200000762939453,21.200000762939453,20.200000762939453,20.450000762939453,20.450000762939453,26077,BPL Limited
2011-09-28,20.5,20.850000381469727,20.100000381469727,20.299999237060547,20.299999237060547,8764,BPL Limited
2011-09-29,20.299999237060547,20.5,20.0,20.200000762939453,20.200000762939453,11934,BPL Limited
2011-09-30,20.049999237060547,20.450000762939453,19.950000762939453,20.049999237060547,20.049999237060547,17704,BPL Limited
2011-10-03,19.299999237060547,19.89999961853028,19.25,19.5,19.5,17011,BPL Limited
2011-10-04,19.39999961853028,20.700000762939453,19.25,19.39999961853028,19.39999961853028,43347,BPL Limited
2011-10-05,19.5,19.64999961853028,19.25,19.25,19.25,6738,BPL Limited
2011-10-07,20.0,20.0,19.25,19.5,19.5,17717,BPL Limited
2011-10-10,19.600000381469727,20.549999237060547,19.25,19.89999961853028,19.89999961853028,25141,BPL Limited
2011-10-11,20.299999237060547,20.75,19.700000762939453,20.5,20.5,30277,BPL Limited
2011-10-12,20.450000762939453,20.549999237060547,20.0,20.39999961853028,20.39999961853028,6353,BPL Limited
2011-10-13,20.700000762939453,20.700000762939453,19.549999237060547,20.299999237060547,20.299999237060547,14412,BPL Limited
2011-10-14,19.39999961853028,20.600000381469727,19.39999961853028,20.5,20.5,13828,BPL Limited
2011-10-17,20.799999237060547,20.89999961853028,20.200000762939453,20.299999237060547,20.299999237060547,18080,BPL Limited
2011-10-18,20.0,20.299999237060547,19.600000381469727,20.049999237060547,20.049999237060547,3851,BPL Limited
2011-10-19,20.25,20.5,19.799999237060547,20.25,20.25,8513,BPL Limited
2011-10-20,20.0,20.350000381469727,19.950000762939453,20.0,20.0,6546,BPL Limited
2011-10-21,19.600000381469727,20.25,19.600000381469727,19.850000381469727,19.850000381469727,7780,BPL Limited
2011-10-24,19.64999961853028,20.350000381469727,19.64999961853028,19.850000381469727,19.850000381469727,8405,BPL Limited
2011-10-25,19.700000762939453,19.950000762939453,19.25,19.39999961853028,19.39999961853028,26435,BPL Limited
2011-10-28,20.25,20.25,19.549999237060547,19.75,19.75,23055,BPL Limited
2011-10-31,19.700000762939453,20.100000381469727,19.600000381469727,20.0,20.0,53349,BPL Limited
2011-11-01,19.5,20.299999237060547,19.39999961853028,19.850000381469727,19.850000381469727,22386,BPL Limited
2011-11-02,19.600000381469727,20.14999961853028,19.600000381469727,19.600000381469727,19.600000381469727,21275,BPL Limited
2011-11-03,19.5,19.89999961853028,19.5,19.799999237060547,19.799999237060547,5828,BPL Limited
2011-11-04,20.5,20.5,19.64999961853028,19.75,19.75,21908,BPL Limited
2011-11-08,19.75,22.450000762939453,19.600000381469727,20.75,20.75,146672,BPL Limited
2011-11-09,20.950000762939453,21.299999237060547,20.049999237060547,20.100000381469727,20.100000381469727,53177,BPL Limited
2011-11-11,20.89999961853028,20.89999961853028,19.64999961853028,19.850000381469727,19.850000381469727,18133,BPL Limited
2011-11-14,19.600000381469727,20.600000381469727,19.600000381469727,19.600000381469727,19.600000381469727,11203,BPL Limited
2011-11-15,19.600000381469727,19.799999237060547,18.14999961853028,18.350000381469727,18.350000381469727,51638,BPL Limited
2011-11-16,19.25,19.25,18.14999961853028,18.299999237060547,18.299999237060547,17151,BPL Limited
2011-11-17,18.5,18.89999961853028,18.0,18.14999961853028,18.14999961853028,24211,BPL Limited
2011-11-18,18.0,18.350000381469727,17.399999618530273,17.549999237060547,17.549999237060547,18528,BPL Limited
2011-11-21,17.799999237060547,17.950000762939453,17.100000381469727,17.350000381469727,17.350000381469727,22510,BPL Limited
2011-11-22,17.200000762939453,17.649999618530273,17.149999618530273,17.299999237060547,17.299999237060547,8845,BPL Limited
2011-11-23,17.25,17.600000381469727,16.149999618530273,16.600000381469727,16.600000381469727,23548,BPL Limited
2011-11-24,17.350000381469727,17.350000381469727,15.649999618530272,16.25,16.25,36238,BPL Limited
2011-11-25,16.299999237060547,16.899999618530273,16.25,16.649999618530273,16.649999618530273,16343,BPL Limited
2011-11-28,16.899999618530273,17.450000762939453,16.5,16.75,16.75,11381,BPL Limited
2011-11-29,16.899999618530273,17.100000381469727,16.5,16.649999618530273,16.649999618530273,12445,BPL Limited
2011-11-30,16.850000381469727,16.850000381469727,16.399999618530273,16.399999618530273,16.399999618530273,9735,BPL Limited
2011-12-01,17.149999618530273,19.549999237060547,17.049999237060547,17.100000381469727,17.100000381469727,21114,BPL Limited
2011-12-02,17.299999237060547,17.5,17.049999237060547,17.200000762939453,17.200000762939453,13844,BPL Limited
2011-12-05,17.350000381469727,17.350000381469727,17.049999237060547,17.200000762939453,17.200000762939453,5241,BPL Limited
2011-12-07,16.899999618530273,20.600000381469727,16.899999618530273,20.600000381469727,20.600000381469727,220123,BPL Limited
2011-12-08,21.549999237060547,24.5,19.64999961853028,20.049999237060547,20.049999237060547,616646,BPL Limited
2011-12-09,19.5,20.25,18.39999961853028,19.25,19.25,138738,BPL Limited
2011-12-12,19.299999237060547,19.75,18.549999237060547,18.89999961853028,18.89999961853028,37747,BPL Limited
2011-12-13,17.649999618530273,18.299999237060547,15.199999809265137,17.649999618530273,17.649999618530273,63973,BPL Limited
2011-12-14,17.299999237060547,18.549999237060547,17.299999237060547,17.549999237060547,17.549999237060547,41870,BPL Limited
2011-12-15,17.100000381469727,17.450000762939453,17.100000381469727,17.25,17.25,23044,BPL Limited
2011-12-16,17.549999237060547,17.549999237060547,16.700000762939453,16.799999237060547,16.799999237060547,23148,BPL Limited
2011-12-19,17.0,17.0,15.800000190734863,16.149999618530273,16.149999618530273,24535,BPL Limited
2011-12-20,16.950000762939453,16.950000762939453,15.800000190734863,16.0,16.0,22995,BPL Limited
2011-12-21,16.200000762939453,16.75,16.049999237060547,16.350000381469727,16.350000381469727,18225,BPL Limited
2011-12-22,16.0,16.549999237060547,16.0,16.350000381469727,16.350000381469727,9391,BPL Limited
2011-12-23,16.0,18.5,16.0,16.75,16.75,36128,BPL Limited
2011-12-26,17.350000381469727,17.350000381469727,16.600000381469727,16.799999237060547,16.799999237060547,20129,BPL Limited
2011-12-27,16.350000381469727,17.200000762939453,16.25,16.600000381469727,16.600000381469727,15315,BPL Limited
2011-12-28,16.700000762939453,16.950000762939453,16.200000762939453,16.350000381469727,16.350000381469727,19319,BPL Limited
2011-12-29,16.0,16.850000381469727,15.949999809265137,16.200000762939453,16.200000762939453,20006,BPL Limited
2011-12-30,15.800000190734863,16.450000762939453,15.75,16.0,16.0,18552,BPL Limited
2012-01-02,16.149999618530273,16.5,15.800000190734863,16.299999237060547,16.299999237060547,12210,BPL Limited
2012-01-03,16.0,17.25,15.800000190734863,17.0,17.0,34973,BPL Limited
2012-01-04,17.600000381469727,18.299999237060547,17.0,17.149999618530273,17.149999618530273,35240,BPL Limited
2012-01-05,17.450000762939453,17.450000762939453,16.799999237060547,17.25,17.25,11394,BPL Limited
2012-01-06,17.5,17.5,17.100000381469727,17.350000381469727,17.350000381469727,16053,BPL Limited
2012-01-09,18.0,18.5,17.75,18.25,18.25,32532,BPL Limited
2012-01-10,18.5,19.39999961853028,18.25,18.89999961853028,18.89999961853028,92581,BPL Limited
2012-01-11,19.299999237060547,20.25,18.600000381469727,19.350000381469727,19.350000381469727,96593,BPL Limited
2012-01-12,19.100000381469727,19.850000381469727,18.700000762939453,18.89999961853028,18.89999961853028,27380,BPL Limited
2012-01-13,18.700000762939453,20.299999237060547,18.700000762939453,19.350000381469727,19.350000381469727,47595,BPL Limited
2012-01-16,19.200000762939453,19.39999961853028,18.799999237060547,19.100000381469727,19.100000381469727,19163,BPL Limited
2012-01-17,19.100000381469727,19.89999961853028,18.850000381469727,19.049999237060547,19.049999237060547,33200,BPL Limited
2012-01-18,19.100000381469727,19.25,18.200000762939453,18.700000762939453,18.700000762939453,32567,BPL Limited
2012-01-19,18.700000762939453,18.950000762939453,18.5,18.850000381469727,18.850000381469727,26315,BPL Limited
2012-01-20,18.600000381469727,18.950000762939453,18.600000381469727,18.700000762939453,18.700000762939453,19093,BPL Limited
2012-01-23,18.100000381469727,19.25,18.100000381469727,18.75,18.75,14891,BPL Limited
2012-01-24,19.200000762939453,19.700000762939453,18.700000762939453,18.89999961853028,18.89999961853028,16190,BPL Limited
2012-01-25,18.799999237060547,19.700000762939453,18.799999237060547,19.39999961853028,19.39999961853028,55188,BPL Limited
2012-01-27,19.200000762939453,20.299999237060547,19.200000762939453,19.799999237060547,19.799999237060547,67209,BPL Limited
2012-01-30,19.39999961853028,19.799999237060547,18.850000381469727,18.950000762939453,18.950000762939453,13042,BPL Limited
2012-01-31,19.0,19.64999961853028,19.0,19.39999961853028,19.39999961853028,10665,BPL Limited
2012-02-01,19.25,21.25,19.0,20.450000762939453,20.450000762939453,139166,BPL Limited
2012-02-02,20.450000762939453,20.89999961853028,19.350000381469727,19.64999961853028,19.64999961853028,41252,BPL Limited
2012-02-03,20.0,20.0,19.39999961853028,19.600000381469727,19.600000381469727,25460,BPL Limited
2012-02-06,20.450000762939453,20.549999237060547,19.75,20.0,20.0,45804,BPL Limited
2012-02-07,20.0,20.450000762939453,19.700000762939453,19.799999237060547,19.799999237060547,23597,BPL Limited
2012-02-08,19.89999961853028,21.39999961853028,19.799999237060547,20.299999237060547,20.299999237060547,126178,BPL Limited
2012-02-09,21.75,21.75,20.5,21.25,21.25,55860,BPL Limited
2012-02-10,21.25,21.39999961853028,20.299999237060547,21.0,21.0,62880,BPL Limited
2012-02-13,21.200000762939453,23.5,20.5,22.549999237060547,22.549999237060547,427584,BPL Limited
2012-02-14,23.5,24.0,22.450000762939453,22.5,22.5,167676,BPL Limited
2012-02-15,23.39999961853028,24.0,22.299999237060547,22.5,22.5,97635,BPL Limited
2012-02-16,22.5,23.200000762939453,22.200000762939453,22.89999961853028,22.89999961853028,69661,BPL Limited
2012-02-17,23.0,23.700000762939453,21.25,21.600000381469727,21.600000381469727,88118,BPL Limited
2012-02-21,22.0,22.5,21.600000381469727,22.0,22.0,80897,BPL Limited
2012-02-22,22.049999237060547,22.5,20.850000381469727,21.100000381469727,21.100000381469727,26453,BPL Limited
2012-02-23,21.0,21.049999237060547,20.25,20.350000381469727,20.350000381469727,29233,BPL Limited
2012-02-24,20.600000381469727,20.850000381469727,19.799999237060547,20.049999237060547,20.049999237060547,28159,BPL Limited
2012-02-27,19.850000381469727,20.450000762939453,19.0,19.049999237060547,19.049999237060547,25541,BPL Limited
2012-02-28,20.850000381469727,20.850000381469727,19.200000762939453,19.89999961853028,19.89999961853028,28151,BPL Limited
2012-02-29,20.350000381469727,20.5,19.299999237060547,19.799999237060547,19.799999237060547,36997,BPL Limited
2012-03-01,19.799999237060547,20.049999237060547,19.299999237060547,19.450000762939453,19.450000762939453,24969,BPL Limited
2012-03-02,19.5,19.850000381469727,19.049999237060547,19.450000762939453,19.450000762939453,12995,BPL Limited
2012-03-05,19.25,19.700000762939453,19.100000381469727,19.299999237060547,19.299999237060547,16705,BPL Limited
2012-03-06,19.25,19.549999237060547,18.799999237060547,18.850000381469727,18.850000381469727,14408,BPL Limited
2012-03-07,18.700000762939453,19.25,18.5,18.89999961853028,18.89999961853028,68962,BPL Limited
2012-03-09,19.25,20.39999961853028,18.600000381469727,18.850000381469727,18.850000381469727,35802,BPL Limited
2012-03-12,19.549999237060547,19.549999237060547,18.89999961853028,19.049999237060547,19.049999237060547,78640,BPL Limited
2012-03-13,19.450000762939453,19.64999961853028,19.0,19.14999961853028,19.14999961853028,25847,BPL Limited
2012-03-14,19.14999961853028,19.450000762939453,18.89999961853028,19.049999237060547,19.049999237060547,14826,BPL Limited
2012-03-15,18.700000762939453,19.14999961853028,18.549999237060547,18.700000762939453,18.700000762939453,19212,BPL Limited
2012-03-16,18.549999237060547,19.39999961853028,18.5,18.600000381469727,18.600000381469727,14034,BPL Limited
2012-03-19,18.600000381469727,19.350000381469727,18.14999961853028,18.350000381469727,18.350000381469727,19839,BPL Limited
2012-03-20,18.350000381469727,18.75,18.100000381469727,18.350000381469727,18.350000381469727,4002,BPL Limited
2012-03-21,18.14999961853028,19.5,18.100000381469727,18.75,18.75,41624,BPL Limited
2012-03-22,18.5,18.89999961853028,18.100000381469727,18.39999961853028,18.39999961853028,18194,BPL Limited
2012-03-23,18.049999237060547,18.64999961853028,17.649999618530273,18.100000381469727,18.100000381469727,27054,BPL Limited
2012-03-26,21.0,21.0,17.850000381469727,18.0,18.0,12866,BPL Limited
2012-03-27,18.0,18.25,17.299999237060547,17.649999618530273,17.649999618530273,52162,BPL Limited
2012-03-28,17.299999237060547,18.100000381469727,17.0,17.149999618530273,17.149999618530273,20711,BPL Limited
2012-03-29,16.899999618530273,17.799999237060547,16.649999618530273,17.200000762939453,17.200000762939453,25043,BPL Limited
2012-03-30,17.450000762939453,17.899999618530273,17.299999237060547,17.600000381469727,17.600000381469727,18723,BPL Limited
2012-04-02,18.5,18.5,17.5,17.799999237060547,17.799999237060547,18636,BPL Limited
2012-04-03,18.299999237060547,18.75,18.049999237060547,18.450000762939453,18.450000762939453,28895,BPL Limited
2012-04-04,18.049999237060547,19.14999961853028,18.0,18.39999961853028,18.39999961853028,45935,BPL Limited
2012-04-09,18.549999237060547,18.600000381469727,17.950000762939453,18.100000381469727,18.100000381469727,10297,BPL Limited
2012-04-10,18.0,18.350000381469727,17.649999618530273,17.950000762939453,17.950000762939453,17611,BPL Limited
2012-04-11,17.950000762939453,18.25,17.700000762939453,17.850000381469727,17.850000381469727,17022,BPL Limited
2012-04-12,17.799999237060547,18.850000381469727,17.75,18.600000381469727,18.600000381469727,46381,BPL Limited
2012-04-13,18.89999961853028,18.89999961853028,18.100000381469727,18.14999961853028,18.14999961853028,26570,BPL Limited
2012-04-16,17.799999237060547,18.39999961853028,17.75,17.950000762939453,17.950000762939453,11658,BPL Limited
2012-04-17,17.700000762939453,18.200000762939453,17.5,17.950000762939453,17.950000762939453,29890,BPL Limited
2012-04-18,17.700000762939453,18.39999961853028,17.700000762939453,17.950000762939453,17.950000762939453,13584,BPL Limited
2012-04-19,17.649999618530273,18.64999961853028,17.649999618530273,18.14999961853028,18.14999961853028,27085,BPL Limited
2012-04-20,17.950000762939453,18.450000762939453,17.850000381469727,18.100000381469727,18.100000381469727,19831,BPL Limited
2012-04-23,18.049999237060547,18.350000381469727,17.75,17.850000381469727,17.850000381469727,10521,BPL Limited
2012-04-24,17.75,18.0,17.600000381469727,17.850000381469727,17.850000381469727,14001,BPL Limited
2012-04-25,18.14999961853028,18.200000762939453,17.600000381469727,17.799999237060547,17.799999237060547,10361,BPL Limited
2012-04-26,18.0,18.0,17.600000381469727,17.799999237060547,17.799999237060547,10383,BPL Limited
2012-04-27,17.700000762939453,17.850000381469727,16.25,16.5,16.5,33636,BPL Limited
2012-04-30,17.700000762939453,18.39999961853028,17.149999618530273,17.25,17.25,25598,BPL Limited
2012-05-02,17.600000381469727,17.649999618530273,17.049999237060547,17.200000762939453,17.200000762939453,13079,BPL Limited
2012-05-03,17.049999237060547,17.299999237060547,16.799999237060547,17.100000381469727,17.100000381469727,9697,BPL Limited
2012-05-04,16.799999237060547,17.200000762939453,16.5,16.5,16.5,15135,BPL Limited
2012-05-07,16.600000381469727,16.799999237060547,16.049999237060547,16.600000381469727,16.600000381469727,15007,BPL Limited
2012-05-08,16.700000762939453,16.899999618530273,16.299999237060547,16.549999237060547,16.549999237060547,12709,BPL Limited
2012-05-09,16.549999237060547,16.75,16.25,16.299999237060547,16.299999237060547,17202,BPL Limited
2012-05-10,16.200000762939453,16.75,16.049999237060547,16.25,16.25,17488,BPL Limited
2012-05-11,16.0,16.5,15.850000381469728,15.949999809265137,15.949999809265137,15378,BPL Limited
2012-05-14,15.649999618530272,15.949999809265137,15.600000381469728,15.800000190734863,15.800000190734863,9320,BPL Limited
2012-05-15,15.75,16.0,15.5,15.699999809265137,15.699999809265137,3236,BPL Limited
2012-05-16,15.899999618530272,15.899999618530272,15.100000381469728,15.399999618530272,15.399999618530272,8381,BPL Limited
2012-05-17,15.300000190734863,15.850000381469728,15.199999809265137,15.25,15.25,9894,BPL Limited
2012-05-18,15.149999618530272,15.350000381469728,14.800000190734863,15.050000190734863,15.050000190734863,15228,BPL Limited
2012-05-21,15.5,15.5,15.300000190734863,15.399999618530272,15.399999618530272,3528,BPL Limited
2012-05-22,16.299999237060547,16.299999237060547,15.25,15.350000381469728,15.350000381469728,9172,BPL Limited
2012-05-23,15.25,15.399999618530272,14.699999809265137,15.050000190734863,15.050000190734863,12651,BPL Limited
2012-05-24,15.100000381469728,15.75,15.100000381469728,15.25,15.25,9913,BPL Limited
2012-05-25,16.5,16.5,15.149999618530272,15.300000190734863,15.300000190734863,4464,BPL Limited
2012-05-28,15.199999809265137,15.5,15.199999809265137,15.350000381469728,15.350000381469728,3836,BPL Limited
2012-05-29,15.449999809265137,15.600000381469728,15.25,15.449999809265137,15.449999809265137,5940,BPL Limited
2012-05-30,16.100000381469727,16.799999237060547,15.350000381469728,15.850000381469728,15.850000381469728,31282,BPL Limited
2012-05-31,15.899999618530272,17.200000762939453,15.5,15.649999618530272,15.649999618530272,54464,BPL Limited
2012-06-01,15.899999618530272,15.899999618530272,15.350000381469728,15.399999618530272,15.399999618530272,9171,BPL Limited
2012-06-04,15.0,15.449999809265137,15.0,15.300000190734863,15.300000190734863,6943,BPL Limited
2012-06-05,15.300000190734863,15.75,15.300000190734863,15.399999618530272,15.399999618530272,3295,BPL Limited
2012-06-06,15.550000190734863,15.699999809265137,15.25,15.449999809265137,15.449999809265137,17183,BPL Limited
2012-06-07,15.5,16.0,15.5,15.699999809265137,15.699999809265137,9932,BPL Limited
2012-06-08,15.649999618530272,15.800000190734863,15.5,15.649999618530272,15.649999618530272,8289,BPL Limited
2012-06-11,15.949999809265137,16.149999618530273,15.399999618530272,15.600000381469728,15.600000381469728,17288,BPL Limited
2012-06-12,15.350000381469728,15.899999618530272,15.350000381469728,15.649999618530272,15.649999618530272,9451,BPL Limited
2012-06-13,15.199999809265137,15.75,15.0,15.550000190734863,15.550000190734863,4808,BPL Limited
2012-06-14,15.800000190734863,15.800000190734863,15.300000190734863,15.5,15.5,11219,BPL Limited
2012-06-15,15.300000190734863,15.75,15.300000190734863,15.399999618530272,15.399999618530272,4730,BPL Limited
2012-06-18,15.399999618530272,15.75,15.300000190734863,15.300000190734863,15.300000190734863,3537,BPL Limited
2012-06-19,15.199999809265137,15.449999809265137,15.100000381469728,15.350000381469728,15.350000381469728,10276,BPL Limited
2012-06-20,15.050000190734863,15.5,15.050000190734863,15.199999809265137,15.199999809265137,5517,BPL Limited
2012-06-21,15.449999809265137,15.75,15.149999618530272,15.600000381469728,15.600000381469728,10053,BPL Limited
2012-06-22,15.649999618530272,15.75,15.399999618530272,15.649999618530272,15.649999618530272,6454,BPL Limited
2012-06-25,15.850000381469728,15.850000381469728,15.300000190734863,15.600000381469728,15.600000381469728,5680,BPL Limited
2012-06-26,15.399999618530272,15.75,15.25,15.449999809265137,15.449999809265137,5190,BPL Limited
2012-06-27,15.449999809265137,15.75,15.449999809265137,15.449999809265137,15.449999809265137,4181,BPL Limited
2012-06-28,15.199999809265137,18.5,15.100000381469728,18.5,18.5,303404,BPL Limited
2012-06-29,19.0,19.5,17.200000762939453,17.399999618530273,17.399999618530273,186226,BPL Limited
2012-07-02,17.5,17.899999618530273,17.0,17.350000381469727,17.350000381469727,38881,BPL Limited
2012-07-03,17.350000381469727,17.899999618530273,17.350000381469727,17.549999237060547,17.549999237060547,30837,BPL Limited
2012-07-04,17.75,18.799999237060547,17.5,18.0,18.0,95738,BPL Limited
2012-07-05,17.899999618530273,19.350000381469727,17.899999618530273,18.39999961853028,18.39999961853028,129947,BPL Limited
2012-07-06,18.39999961853028,18.600000381469727,18.0,18.049999237060547,18.049999237060547,27879,BPL Limited
2012-07-09,17.799999237060547,18.950000762939453,17.799999237060547,18.350000381469727,18.350000381469727,73279,BPL Limited
2012-07-10,18.200000762939453,21.0,18.14999961853028,19.89999961853028,19.89999961853028,377231,BPL Limited
2012-07-11,20.799999237060547,21.64999961853028,19.200000762939453,19.350000381469727,19.350000381469727,550912,BPL Limited
2012-07-12,18.700000762939453,20.25,18.700000762939453,19.350000381469727,19.350000381469727,122367,BPL Limited
2012-07-13,19.64999961853028,20.14999961853028,19.100000381469727,19.200000762939453,19.200000762939453,70064,BPL Limited
2012-07-16,19.700000762939453,19.700000762939453,18.299999237060547,18.450000762939453,18.450000762939453,30644,BPL Limited
2012-07-17,18.799999237060547,19.39999961853028,17.649999618530273,17.799999237060547,17.799999237060547,88793,BPL Limited
2012-07-18,17.850000381469727,18.25,16.700000762939453,17.549999237060547,17.549999237060547,49366,BPL Limited
2012-07-19,17.600000381469727,18.200000762939453,17.450000762939453,17.549999237060547,17.549999237060547,20508,BPL Limited
2012-07-20,17.450000762939453,18.0,17.350000381469727,17.600000381469727,17.600000381469727,32929,BPL Limited
2012-07-23,17.5,17.899999618530273,17.399999618530273,17.450000762939453,17.450000762939453,15579,BPL Limited
2012-07-24,17.799999237060547,17.799999237060547,17.100000381469727,17.200000762939453,17.200000762939453,20166,BPL Limited
2012-07-25,17.049999237060547,17.549999237060547,16.700000762939453,16.799999237060547,16.799999237060547,15396,BPL Limited
2012-07-26,16.799999237060547,16.850000381469727,16.0,16.100000381469727,16.100000381469727,24237,BPL Limited
2012-07-27,16.399999618530273,17.0,16.0,16.100000381469727,16.100000381469727,41187,BPL Limited
2012-07-30,16.200000762939453,16.700000762939453,15.699999809265137,16.25,16.25,47127,BPL Limited
2012-07-31,16.350000381469727,16.450000762939453,15.899999618530272,16.200000762939453,16.200000762939453,18973,BPL Limited
2012-08-01,16.0,16.799999237060547,16.0,16.549999237060547,16.549999237060547,37801,BPL Limited
2012-08-02,16.200000762939453,16.700000762939453,16.200000762939453,16.549999237060547,16.549999237060547,12736,BPL Limited
2012-08-03,16.399999618530273,16.75,16.350000381469727,16.5,16.5,4963,BPL Limited
2012-08-06,16.5,17.25,16.5,16.75,16.75,26840,BPL Limited
2012-08-07,16.700000762939453,18.0,16.549999237060547,17.149999618530273,17.149999618530273,118158,BPL Limited
2012-08-08,17.450000762939453,18.450000762939453,16.75,16.799999237060547,16.799999237060547,25462,BPL Limited
2012-08-09,16.850000381469727,17.0,16.25,16.450000762939453,16.450000762939453,24693,BPL Limited
2012-08-10,16.75,16.75,15.949999809265137,16.049999237060547,16.049999237060547,45745,BPL Limited
2012-08-13,16.049999237060547,16.850000381469727,16.049999237060547,16.600000381469727,16.600000381469727,16690,BPL Limited
2012-08-14,16.700000762939453,16.700000762939453,16.100000381469727,16.25,16.25,17450,BPL Limited
2012-08-16,16.649999618530273,16.649999618530273,16.200000762939453,16.200000762939453,16.200000762939453,10049,BPL Limited
2012-08-17,16.450000762939453,18.049999237060547,16.200000762939453,16.899999618530273,16.899999618530273,155089,BPL Limited
2012-08-21,17.0,17.399999618530273,16.549999237060547,16.75,16.75,43996,BPL Limited
2012-08-22,16.850000381469727,17.200000762939453,16.600000381469727,16.799999237060547,16.799999237060547,36664,BPL Limited
2012-08-23,16.75,18.549999237060547,16.5,18.25,18.25,278968,BPL Limited
2012-08-24,18.89999961853028,19.39999961853028,17.600000381469727,17.950000762939453,17.950000762939453,596418,BPL Limited
2012-08-27,18.049999237060547,18.549999237060547,17.549999237060547,17.549999237060547,17.549999237060547,66438,BPL Limited
2012-08-28,17.899999618530273,17.899999618530273,16.700000762939453,16.899999618530273,16.899999618530273,37499,BPL Limited
2012-08-29,17.649999618530273,17.649999618530273,16.149999618530273,16.299999237060547,16.299999237060547,31123,BPL Limited
2012-08-30,16.200000762939453,16.600000381469727,16.149999618530273,16.299999237060547,16.299999237060547,33179,BPL Limited
2012-08-31,16.25,16.700000762939453,16.100000381469727,16.25,16.25,22698,BPL Limited
2012-09-03,16.299999237060547,16.700000762939453,16.0,16.299999237060547,16.299999237060547,18737,BPL Limited
2012-09-04,16.200000762939453,17.200000762939453,16.200000762939453,16.399999618530273,16.399999618530273,57979,BPL Limited
2012-09-05,16.399999618530273,17.0,16.200000762939453,16.399999618530273,16.399999618530273,18337,BPL Limited
2012-09-06,16.25,17.0,16.25,16.649999618530273,16.649999618530273,9663,BPL Limited
2012-09-07,17.0,17.100000381469727,16.600000381469727,16.799999237060547,16.799999237060547,26248,BPL Limited
2012-09-10,17.0,17.049999237060547,16.5,16.549999237060547,16.549999237060547,23836,BPL Limited
2012-09-11,16.850000381469727,17.5,16.549999237060547,17.149999618530273,17.149999618530273,59900,BPL Limited
2012-09-12,17.399999618530273,17.600000381469727,17.100000381469727,17.149999618530273,17.149999618530273,28213,BPL Limited
2012-09-13,17.399999618530273,17.549999237060547,16.75,16.850000381469727,16.850000381469727,15704,BPL Limited
2012-09-14,17.149999618530273,17.450000762939453,16.649999618530273,16.850000381469727,16.850000381469727,19254,BPL Limited
2012-09-17,17.299999237060547,17.399999618530273,17.0,17.200000762939453,17.200000762939453,33799,BPL Limited
2012-09-18,17.350000381469727,17.700000762939453,17.200000762939453,17.450000762939453,17.450000762939453,29384,BPL Limited
2012-09-20,17.200000762939453,17.350000381469727,16.75,16.899999618530273,16.899999618530273,17352,BPL Limited
2012-09-21,16.799999237060547,17.649999618530273,16.799999237060547,17.299999237060547,17.299999237060547,38541,BPL Limited
2012-09-24,17.850000381469727,18.25,17.299999237060547,17.350000381469727,17.350000381469727,50726,BPL Limited
2012-09-25,17.25,17.649999618530273,17.0,17.450000762939453,17.450000762939453,29903,BPL Limited
2012-09-26,17.5,17.700000762939453,16.899999618530273,17.0,17.0,35148,BPL Limited
2012-09-27,17.0,17.700000762939453,17.0,17.350000381469727,17.350000381469727,58456,BPL Limited
2012-09-28,17.299999237060547,20.5,17.0,19.64999961853028,19.64999961853028,403624,BPL Limited
2012-10-01,20.600000381469727,23.549999237060547,20.5,22.75,22.75,2478911,BPL Limited
2012-10-03,22.89999961853028,22.89999961853028,20.600000381469727,21.049999237060547,21.049999237060547,561081,BPL Limited
2012-10-04,22.0,22.64999961853028,21.0,21.14999961853028,21.14999961853028,239494,BPL Limited
2012-10-05,21.25,21.39999961853028,19.799999237060547,19.950000762939453,19.950000762939453,151634,BPL Limited
2012-10-08,20.200000762939453,21.0,19.549999237060547,19.850000381469727,19.850000381469727,274246,BPL Limited
2012-10-09,20.0,20.75,19.950000762939453,20.350000381469727,20.350000381469727,107959,BPL Limited
2012-10-10,21.0,22.450000762939453,20.799999237060547,21.049999237060547,21.049999237060547,451971,BPL Limited
2012-10-11,21.299999237060547,21.600000381469727,20.600000381469727,20.89999961853028,20.89999961853028,48516,BPL Limited
2012-10-12,20.850000381469727,21.89999961853028,20.299999237060547,21.100000381469727,21.100000381469727,156507,BPL Limited
2012-10-15,21.25,21.299999237060547,20.350000381469727,20.600000381469727,20.600000381469727,48721,BPL Limited
2012-10-16,21.200000762939453,21.299999237060547,20.100000381469727,20.39999961853028,20.39999961853028,43244,BPL Limited
2012-10-17,20.100000381469727,21.350000381469727,20.0,20.600000381469727,20.600000381469727,73898,BPL Limited
2012-10-18,20.14999961853028,21.25,20.100000381469727,20.25,20.25,154852,BPL Limited
2012-10-19,20.5,20.700000762939453,19.75,19.89999961853028,19.89999961853028,77331,BPL Limited
2012-10-22,19.950000762939453,20.200000762939453,19.5,19.64999961853028,19.64999961853028,20723,BPL Limited
2012-10-23,19.89999961853028,19.89999961853028,19.049999237060547,19.14999961853028,19.14999961853028,38831,BPL Limited
2012-10-25,19.14999961853028,20.14999961853028,19.100000381469727,19.200000762939453,19.200000762939453,81735,BPL Limited
2012-10-29,19.100000381469727,22.350000381469727,18.200000762939453,21.39999961853028,21.39999961853028,297016,BPL Limited
2012-10-30,22.89999961853028,22.89999961853028,20.39999961853028,20.549999237060547,20.549999237060547,716141,BPL Limited
2012-10-31,21.200000762939453,21.200000762939453,20.14999961853028,20.5,20.5,87772,BPL Limited
2012-11-01,20.89999961853028,22.799999237060547,20.5,22.5,22.5,493670,BPL Limited
2012-11-02,22.89999961853028,23.200000762939453,21.64999961853028,22.850000381469727,22.850000381469727,464254,BPL Limited
2012-11-05,22.75,23.350000381469727,22.200000762939453,22.5,22.5,119263,BPL Limited
2012-11-06,21.549999237060547,22.64999961853028,21.549999237060547,22.0,22.0,81088,BPL Limited
2012-11-07,22.049999237060547,22.39999961853028,21.5,21.549999237060547,21.549999237060547,56576,BPL Limited
2012-11-08,22.0,22.0,20.850000381469727,21.049999237060547,21.049999237060547,68467,BPL Limited
2012-11-09,21.100000381469727,21.100000381469727,20.0,20.14999961853028,20.14999961853028,147887,BPL Limited
2012-11-12,20.049999237060547,20.450000762939453,19.700000762939453,19.950000762939453,19.950000762939453,70427,BPL Limited
2012-11-15,20.200000762939453,20.5,19.100000381469727,20.0,20.0,32184,BPL Limited
2012-11-16,20.950000762939453,20.950000762939453,19.39999961853028,19.39999961853028,19.39999961853028,44910,BPL Limited
2012-11-19,19.5,19.950000762939453,19.0,19.14999961853028,19.14999961853028,52777,BPL Limited
2012-11-20,19.450000762939453,19.600000381469727,19.0,19.100000381469727,19.100000381469727,45663,BPL Limited
2012-11-21,19.450000762939453,19.450000762939453,19.049999237060547,19.049999237060547,19.049999237060547,23403,BPL Limited
2012-11-22,19.600000381469727,19.600000381469727,19.14999961853028,19.25,19.25,37033,BPL Limited
2012-11-23,19.100000381469727,19.25,18.700000762939453,18.799999237060547,18.799999237060547,25574,BPL Limited
2012-11-26,19.200000762939453,20.850000381469727,19.0,20.100000381469727,20.100000381469727,108097,BPL Limited
2012-11-27,20.64999961853028,21.39999961853028,20.0,20.64999961853028,20.64999961853028,212316,BPL Limited
2012-11-29,20.89999961853028,21.200000762939453,20.299999237060547,20.5,20.5,90189,BPL Limited
2012-11-30,20.75,20.75,20.25,20.299999237060547,20.299999237060547,48886,BPL Limited
2012-12-03,20.0,20.850000381469727,20.0,20.299999237060547,20.299999237060547,78733,BPL Limited
2012-12-04,20.5,21.0,19.200000762939453,20.5,20.5,125575,BPL Limited
2012-12-05,20.799999237060547,21.0,20.450000762939453,20.549999237060547,20.549999237060547,64111,BPL Limited
2012-12-06,20.600000381469727,21.200000762939453,20.39999961853028,20.549999237060547,20.549999237060547,65381,BPL Limited
2012-12-07,20.600000381469727,20.799999237060547,20.0,20.049999237060547,20.049999237060547,59970,BPL Limited
2012-12-10,20.39999961853028,20.39999961853028,19.950000762939453,20.0,20.0,36907,BPL Limited
2012-12-11,20.39999961853028,20.39999961853028,19.5,19.600000381469727,19.600000381469727,43923,BPL Limited
2012-12-12,19.799999237060547,20.5,19.5,20.0,20.0,181689,BPL Limited
2012-12-13,19.850000381469727,20.25,19.5,19.600000381469727,19.600000381469727,32593,BPL Limited
2012-12-14,19.600000381469727,20.0,19.25,19.350000381469727,19.350000381469727,20494,BPL Limited
2012-12-17,19.700000762939453,19.75,19.350000381469727,19.450000762939453,19.450000762939453,35578,BPL Limited
2012-12-18,19.25,19.89999961853028,19.25,19.5,19.5,40799,BPL Limited
2012-12-19,19.39999961853028,20.100000381469727,19.299999237060547,19.64999961853028,19.64999961853028,35391,BPL Limited
2012-12-20,19.600000381469727,20.0,19.600000381469727,19.64999961853028,19.64999961853028,26169,BPL Limited
2012-12-21,19.450000762939453,19.850000381469727,18.89999961853028,19.049999237060547,19.049999237060547,33967,BPL Limited
2012-12-24,19.450000762939453,19.450000762939453,18.799999237060547,18.89999961853028,18.89999961853028,28924,BPL Limited
2012-12-26,19.100000381469727,19.5,18.950000762939453,19.299999237060547,19.299999237060547,32638,BPL Limited
2012-12-27,19.0,19.200000762939453,18.600000381469727,18.75,18.75,42916,BPL Limited
2012-12-28,18.89999961853028,19.100000381469727,18.700000762939453,18.89999961853028,18.89999961853028,73367,BPL Limited
2012-12-31,19.350000381469727,19.350000381469727,18.450000762939453,18.799999237060547,18.799999237060547,22788,BPL Limited
2013-01-01,18.850000381469727,19.14999961853028,18.850000381469727,19.049999237060547,19.049999237060547,22388,BPL Limited
2013-01-02,18.799999237060547,19.799999237060547,18.799999237060547,19.549999237060547,19.549999237060547,57083,BPL Limited
2013-01-03,19.600000381469727,20.5,19.5,20.200000762939453,20.200000762939453,130083,BPL Limited
2013-01-04,20.200000762939453,20.350000381469727,19.600000381469727,19.75,19.75,27419,BPL Limited
2013-01-07,19.600000381469727,20.25,19.350000381469727,19.89999961853028,19.89999961853028,61026,BPL Limited
2013-01-08,19.950000762939453,19.950000762939453,19.450000762939453,19.64999961853028,19.64999961853028,16124,BPL Limited
2013-01-09,20.75,20.75,19.600000381469727,19.700000762939453,19.700000762939453,22682,BPL Limited
2013-01-10,19.64999961853028,19.950000762939453,19.14999961853028,19.299999237060547,19.299999237060547,38441,BPL Limited
2013-01-11,19.450000762939453,21.200000762939453,18.89999961853028,20.5,20.5,372892,BPL Limited
2013-01-14,20.39999961853028,21.600000381469727,19.600000381469727,21.299999237060547,21.299999237060547,284615,BPL Limited
2013-01-15,21.950000762939453,25.0,21.39999961853028,23.600000381469727,23.600000381469727,3074776,BPL Limited
2013-01-16,23.799999237060547,23.89999961853028,21.799999237060547,22.0,22.0,417290,BPL Limited
2013-01-17,21.799999237060547,22.350000381469727,21.299999237060547,21.450000762939453,21.450000762939453,127211,BPL Limited
2013-01-18,21.600000381469727,22.799999237060547,21.299999237060547,21.5,21.5,254861,BPL Limited
2013-01-21,21.600000381469727,21.600000381469727,20.600000381469727,20.700000762939453,20.700000762939453,73477,BPL Limited
2013-01-22,20.89999961853028,21.14999961853028,19.799999237060547,20.0,20.0,97073,BPL Limited
2013-01-23,20.049999237060547,20.5,19.600000381469727,19.75,19.75,87309,BPL Limited
2013-01-24,19.75,20.299999237060547,19.100000381469727,19.14999961853028,19.14999961853028,55857,BPL Limited
2013-01-25,19.0,19.350000381469727,18.39999961853028,18.850000381469727,18.850000381469727,67194,BPL Limited
2013-01-28,19.0,20.39999961853028,18.89999961853028,20.100000381469727,20.100000381469727,192682,BPL Limited
2013-01-29,19.850000381469727,20.5,19.700000762939453,19.799999237060547,19.799999237060547,108562,BPL Limited
2013-01-30,19.700000762939453,20.0,19.25,19.350000381469727,19.350000381469727,31308,BPL Limited
2013-01-31,19.25,20.100000381469727,19.25,19.700000762939453,19.700000762939453,34984,BPL Limited
2013-02-01,19.600000381469727,19.799999237060547,18.799999237060547,19.0,19.0,59506,BPL Limited
2013-02-04,19.100000381469727,19.75,18.75,18.799999237060547,18.799999237060547,74848,BPL Limited
2013-02-05,18.799999237060547,19.0,18.600000381469727,18.850000381469727,18.850000381469727,20640,BPL Limited
2013-02-06,19.0,19.450000762939453,18.75,19.049999237060547,19.049999237060547,31142,BPL Limited
2013-02-07,18.600000381469727,18.950000762939453,18.600000381469727,18.64999961853028,18.64999961853028,24463,BPL Limited
2013-02-08,18.700000762939453,19.350000381469727,18.0,18.14999961853028,18.14999961853028,58638,BPL Limited
2013-02-11,18.0,19.0,17.899999618530273,18.100000381469727,18.100000381469727,39957,BPL Limited
2013-02-12,18.5,18.5,17.950000762939453,18.049999237060547,18.049999237060547,16688,BPL Limited
2013-02-13,18.100000381469727,18.350000381469727,17.25,17.75,17.75,36758,BPL Limited
2013-02-14,17.5,17.899999618530273,17.25,17.450000762939453,17.450000762939453,16064,BPL Limited
2013-02-15,17.299999237060547,17.450000762939453,17.100000381469727,17.299999237060547,17.299999237060547,15665,BPL Limited
2013-02-18,17.149999618530273,17.700000762939453,17.149999618530273,17.350000381469727,17.350000381469727,11562,BPL Limited
2013-02-19,17.5,19.25,17.100000381469727,19.0,19.0,87394,BPL Limited
2013-02-20,19.100000381469727,20.200000762939453,18.200000762939453,19.799999237060547,19.799999237060547,146662,BPL Limited
2013-02-21,20.5,21.14999961853028,19.75,20.0,20.0,842329,BPL Limited
2013-02-22,19.89999961853028,19.89999961853028,19.100000381469727,19.25,19.25,102938,BPL Limited
2013-02-25,19.299999237060547,19.299999237060547,18.450000762939453,18.75,18.75,76228,BPL Limited
2013-02-26,18.5,18.64999961853028,18.0,18.14999961853028,18.14999961853028,51026,BPL Limited
2013-02-27,18.25,18.39999961853028,18.100000381469727,18.200000762939453,18.200000762939453,31901,BPL Limited
2013-02-28,18.100000381469727,18.39999961853028,17.100000381469727,17.450000762939453,17.450000762939453,48563,BPL Limited
2013-03-01,17.700000762939453,17.700000762939453,16.950000762939453,17.200000762939453,17.200000762939453,51379,BPL Limited
2013-03-04,17.25,17.549999237060547,15.800000190734863,16.149999618530273,16.149999618530273,53499,BPL Limited
2013-03-05,16.75,17.0,16.350000381469727,16.799999237060547,16.799999237060547,24777,BPL Limited
2013-03-06,17.25,17.5,16.549999237060547,17.200000762939453,17.200000762939453,32362,BPL Limited
2013-03-07,17.200000762939453,17.5,17.049999237060547,17.25,17.25,12500,BPL Limited
2013-03-08,17.450000762939453,18.299999237060547,17.399999618530273,17.75,17.75,47415,BPL Limited
2013-03-11,17.600000381469727,18.0,17.450000762939453,17.5,17.5,17404,BPL Limited
2013-03-12,17.450000762939453,18.0,17.100000381469727,17.399999618530273,17.399999618530273,17680,BPL Limited
2013-03-13,17.25,17.5,16.950000762939453,17.049999237060547,17.049999237060547,10761,BPL Limited
2013-03-14,18.75,18.75,16.75,17.149999618530273,17.149999618530273,15798,BPL Limited
2013-03-15,17.25,17.5,16.899999618530273,17.0,17.0,17303,BPL Limited
2013-03-18,17.0,17.25,16.700000762939453,16.799999237060547,16.799999237060547,12069,BPL Limited
2013-03-19,16.950000762939453,17.149999618530273,16.049999237060547,16.200000762939453,16.200000762939453,30466,BPL Limited
2013-03-20,17.25,17.25,15.300000190734863,15.600000381469728,15.600000381469728,22273,BPL Limited
2013-03-21,16.0,16.0,15.149999618530272,15.399999618530272,15.399999618530272,15604,BPL Limited
2013-03-22,15.199999809265137,15.550000190734863,14.899999618530272,14.899999618530272,14.899999618530272,50962,BPL Limited
2013-03-25,15.300000190734863,15.699999809265137,14.0,14.199999809265137,14.199999809265137,30291,BPL Limited
2013-03-26,14.199999809265137,14.699999809265137,14.0,14.050000190734863,14.050000190734863,16355,BPL Limited
2013-03-28,13.800000190734863,14.25,13.550000190734863,13.899999618530272,13.899999618530272,46218,BPL Limited
2013-04-01,14.0,15.199999809265137,14.0,15.149999618530272,15.149999618530272,50676,BPL Limited
2013-04-02,15.449999809265137,16.350000381469727,14.850000381469728,15.850000381469728,15.850000381469728,78230,BPL Limited
2013-04-03,16.5,17.5,16.5,16.899999618530273,16.899999618530273,512541,BPL Limited
2013-04-04,16.899999618530273,16.899999618530273,16.399999618530273,16.549999237060547,16.549999237060547,52538,BPL Limited
2013-04-05,16.350000381469727,16.75,16.350000381469727,16.399999618530273,16.399999618530273,21840,BPL Limited
2013-04-08,16.049999237060547,16.5,15.199999809265137,16.0,16.0,16442,BPL Limited
2013-04-09,15.800000190734863,16.100000381469727,15.649999618530272,15.699999809265137,15.699999809265137,14537,BPL Limited
2013-04-10,15.699999809265137,15.800000190734863,15.100000381469728,15.350000381469728,15.350000381469728,23915,BPL Limited
2013-04-11,15.800000190734863,15.800000190734863,15.100000381469728,15.300000190734863,15.300000190734863,42261,BPL Limited
2013-04-12,15.0,15.350000381469728,14.850000381469728,15.0,15.0,22293,BPL Limited
2013-04-15,14.899999618530272,15.199999809265137,14.75,14.949999809265137,14.949999809265137,7833,BPL Limited
2013-04-16,14.75,15.75,14.75,15.5,15.5,27154,BPL Limited
2013-04-17,15.449999809265137,15.800000190734863,15.100000381469728,15.350000381469728,15.350000381469728,14229,BPL Limited
2013-04-18,15.300000190734863,18.39999961853028,15.149999618530272,18.14999961853028,18.14999961853028,1130764,BPL Limited
2013-04-22,17.950000762939453,17.950000762939453,16.549999237060547,16.799999237060547,16.799999237060547,157394,BPL Limited
2013-04-23,17.299999237060547,17.299999237060547,16.149999618530273,16.5,16.5,45364,BPL Limited
2013-04-25,16.549999237060547,18.25,16.299999237060547,17.5,17.5,153599,BPL Limited
2013-04-26,17.700000762939453,17.75,16.799999237060547,16.950000762939453,16.950000762939453,22891,BPL Limited
2013-04-29,16.950000762939453,17.25,16.549999237060547,16.850000381469727,16.850000381469727,23188,BPL Limited
2013-04-30,17.799999237060547,18.200000762939453,17.399999618530273,17.649999618530273,17.649999618530273,243350,BPL Limited
2013-05-02,17.549999237060547,17.850000381469727,17.049999237060547,17.149999618530273,17.149999618530273,32437,BPL Limited
2013-05-03,17.450000762939453,17.450000762939453,16.850000381469727,16.950000762939453,16.950000762939453,33255,BPL Limited
2013-05-06,17.5,17.850000381469727,16.950000762939453,17.450000762939453,17.450000762939453,122626,BPL Limited
2013-05-07,17.75,17.799999237060547,17.049999237060547,17.149999618530273,17.149999618530273,20503,BPL Limited
2013-05-08,17.200000762939453,17.25,16.75,16.950000762939453,16.950000762939453,42649,BPL Limited
2013-05-09,18.0,20.299999237060547,17.350000381469727,17.399999618530273,17.399999618530273,74508,BPL Limited
2013-05-10,17.049999237060547,17.450000762939453,16.399999618530273,17.100000381469727,17.100000381469727,213245,BPL Limited
2013-05-13,18.0,18.25,16.799999237060547,16.850000381469727,16.850000381469727,95213,BPL Limited
2013-05-14,17.5,17.799999237060547,17.25,17.549999237060547,17.549999237060547,204408,BPL Limited
2013-05-15,17.700000762939453,18.0,17.299999237060547,17.350000381469727,17.350000381469727,65675,BPL Limited
2013-05-16,17.549999237060547,17.549999237060547,16.799999237060547,16.950000762939453,16.950000762939453,46918,BPL Limited
2013-05-17,16.850000381469727,17.200000762939453,16.350000381469727,16.899999618530273,16.899999618530273,30127,BPL Limited
2013-05-20,17.25,17.350000381469727,16.649999618530273,16.700000762939453,16.700000762939453,27339,BPL Limited
2013-05-21,16.950000762939453,17.0,16.5,16.649999618530273,16.649999618530273,24453,BPL Limited
2013-05-22,16.700000762939453,16.75,16.25,16.399999618530273,16.399999618530273,23290,BPL Limited
2013-05-23,16.200000762939453,16.5,15.800000190734863,16.0,16.0,54716,BPL Limited
2013-05-24,16.399999618530273,16.399999618530273,15.75,15.800000190734863,15.800000190734863,18672,BPL Limited
2013-05-27,16.450000762939453,16.450000762939453,15.699999809265137,15.850000381469728,15.850000381469728,19870,BPL Limited
2013-05-28,16.149999618530273,16.149999618530273,15.850000381469728,15.899999618530272,15.899999618530272,51039,BPL Limited
2013-05-29,16.0,16.0,15.699999809265137,15.850000381469728,15.850000381469728,19393,BPL Limited
2013-05-30,15.699999809265137,15.899999618530272,15.5,15.550000190734863,15.550000190734863,20953,BPL Limited
2013-05-31,15.600000381469728,15.699999809265137,14.899999618530272,15.0,15.0,51656,BPL Limited
2013-06-03,14.800000190734863,15.100000381469728,14.649999618530272,14.699999809265137,14.699999809265137,22376,BPL Limited
2013-06-04,14.649999618530272,15.449999809265137,14.649999618530272,14.899999618530272,14.899999618530272,18074,BPL Limited
2013-06-05,14.850000381469728,15.199999809265137,14.800000190734863,14.899999618530272,14.899999618530272,12448,BPL Limited
2013-06-06,14.550000190734863,15.350000381469728,14.550000190734863,15.149999618530272,15.149999618530272,26386,BPL Limited
2013-06-07,15.050000190734863,15.449999809265137,14.800000190734863,14.899999618530272,14.899999618530272,15366,BPL Limited
2013-06-10,15.100000381469728,15.5,14.550000190734863,14.649999618530272,14.649999618530272,14990,BPL Limited
2013-06-11,14.699999809265137,16.0,14.5,14.850000381469728,14.850000381469728,38730,BPL Limited
2013-06-12,14.800000190734863,15.149999618530272,11.899999618530272,12.050000190734863,12.050000190734863,157828,BPL Limited
2013-06-13,12.100000381469728,12.699999809265137,11.850000381469728,12.25,12.25,99042,BPL Limited
2013-06-14,12.550000190734863,12.899999618530272,12.100000381469728,12.25,12.25,34033,BPL Limited
2013-06-17,12.100000381469728,12.449999809265137,12.0,12.25,12.25,17711,BPL Limited
2013-06-18,12.350000381469728,12.75,12.050000190734863,12.300000190734863,12.300000190734863,30282,BPL Limited
2013-06-19,12.25,12.75,12.25,12.600000381469728,12.600000381469728,29680,BPL Limited
2013-06-20,12.350000381469728,12.350000381469728,12.0,12.100000381469728,12.100000381469728,21737,BPL Limited
2013-06-21,11.949999809265137,12.5,11.949999809265137,12.149999618530272,12.149999618530272,25986,BPL Limited
2013-06-24,11.899999618530272,12.100000381469728,11.600000381469728,11.899999618530272,11.899999618530272,16216,BPL Limited
2013-06-25,11.800000190734863,12.100000381469728,11.199999809265137,11.850000381469728,11.850000381469728,23164,BPL Limited
2013-06-26,11.699999809265137,13.850000381469728,11.699999809265137,13.600000381469728,13.600000381469728,126618,BPL Limited
2013-06-27,15.199999809265137,15.25,13.800000190734863,14.600000381469728,14.600000381469728,593933,BPL Limited
2013-06-28,14.0,14.800000190734863,13.850000381469728,14.149999618530272,14.149999618530272,110203,BPL Limited
2013-07-01,13.800000190734863,14.300000190734863,13.800000190734863,13.949999809265137,13.949999809265137,19576,BPL Limited
2013-07-02,13.5,14.0,13.5,13.550000190734863,13.550000190734863,23669,BPL Limited
2013-07-03,13.399999618530272,13.399999618530272,12.699999809265137,13.050000190734863,13.050000190734863,26780,BPL Limited
2013-07-04,12.800000190734863,15.350000381469728,12.800000190734863,13.399999618530272,13.399999618530272,49571,BPL Limited
2013-07-05,13.25,13.5,13.149999618530272,13.149999618530272,13.149999618530272,16186,BPL Limited
2013-07-08,12.899999618530272,13.0,12.5,12.800000190734863,12.800000190734863,9854,BPL Limited
2013-07-09,13.0,13.199999809265137,12.699999809265137,12.800000190734863,12.800000190734863,11625,BPL Limited
2013-07-10,12.850000381469728,13.0,12.75,12.899999618530272,12.899999618530272,11422,BPL Limited
2013-07-11,12.699999809265137,13.0,12.100000381469728,12.949999809265137,12.949999809265137,14924,BPL Limited
2013-07-12,13.399999618530272,13.899999618530272,12.699999809265137,12.850000381469728,12.850000381469728,13388,BPL Limited
2013-07-15,12.75,13.199999809265137,12.75,13.050000190734863,13.050000190734863,11069,BPL Limited
2013-07-16,13.100000381469728,13.100000381469728,12.800000190734863,12.800000190734863,12.800000190734863,10835,BPL Limited
2013-07-17,12.649999618530272,13.0,12.649999618530272,12.649999618530272,12.649999618530272,11499,BPL Limited
2013-07-18,12.699999809265137,12.800000190734863,12.600000381469728,12.75,12.75,4958,BPL Limited
2013-07-19,12.699999809265137,12.899999618530272,12.449999809265137,12.449999809265137,12.449999809265137,11237,BPL Limited
2013-07-22,12.050000190734863,12.75,12.050000190734863,12.300000190734863,12.300000190734863,4566,BPL Limited
2013-07-23,12.5,12.5,12.25,12.300000190734863,12.300000190734863,10562,BPL Limited
2013-07-24,12.25,12.25,11.800000190734863,11.899999618530272,11.899999618530272,23440,BPL Limited
2013-07-25,11.800000190734863,12.399999618530272,11.699999809265137,11.699999809265137,11.699999809265137,11426,BPL Limited
2013-07-26,11.649999618530272,11.899999618530272,11.300000190734863,11.5,11.5,12870,BPL Limited
2013-07-29,11.649999618530272,11.75,10.800000190734863,11.050000190734863,11.050000190734863,28972,BPL Limited
2013-07-30,10.949999809265137,11.350000381469728,10.399999618530272,10.699999809265137,10.699999809265137,16822,BPL Limited
2013-07-31,10.600000381469728,10.699999809265137,10.149999618530272,10.350000381469728,10.350000381469728,16222,BPL Limited
2013-08-01,10.0,10.949999809265137,9.449999809265137,9.75,9.75,25876,BPL Limited
2013-08-02,9.600000381469728,9.850000381469728,8.550000190734863,8.850000381469727,8.850000381469727,33076,BPL Limited
2013-08-05,9.149999618530272,9.199999809265137,8.899999618530273,9.0,9.0,28218,BPL Limited
2013-08-06,9.0,9.0,8.300000190734863,8.5,8.5,14165,BPL Limited
2013-08-07,8.399999618530273,9.0,7.900000095367432,8.75,8.75,30692,BPL Limited
2013-08-08,8.600000381469727,9.449999809265137,8.600000381469727,9.050000190734863,9.050000190734863,19382,BPL Limited
2013-08-12,9.449999809265137,9.449999809265137,9.100000381469728,9.149999618530272,9.149999618530272,15708,BPL Limited
2013-08-13,9.0,10.350000381469728,9.0,10.149999618530272,10.149999618530272,23823,BPL Limited
2013-08-14,10.75,10.850000381469728,9.550000190734863,9.899999618530272,9.899999618530272,53507,BPL Limited
2013-08-16,10.100000381469728,10.100000381469728,9.300000190734863,9.649999618530272,9.649999618530272,18412,BPL Limited
2013-08-19,9.0,9.449999809265137,9.0,9.25,9.25,14636,BPL Limited
2013-08-20,9.350000381469728,9.350000381469728,8.5,9.0,9.0,26439,BPL Limited
2013-08-21,9.0,9.199999809265137,8.199999809265137,8.899999618530273,8.899999618530273,37926,BPL Limited
2013-08-22,10.5,10.5,8.75,9.0,9.0,7955,BPL Limited
2013-08-23,9.0,9.649999618530272,8.899999618530273,8.949999809265137,8.949999809265137,12162,BPL Limited
2013-08-26,9.0,9.300000190734863,9.0,9.100000381469728,9.100000381469728,7940,BPL Limited
2013-08-27,9.0,9.25,8.699999809265137,8.949999809265137,8.949999809265137,6671,BPL Limited
2013-08-28,8.800000190734863,9.149999618530272,8.600000381469727,8.850000381469727,8.850000381469727,5169,BPL Limited
2013-08-29,8.850000381469727,9.199999809265137,8.550000190734863,8.899999618530273,8.899999618530273,2706,BPL Limited
2013-08-30,8.800000190734863,9.199999809265137,8.5,8.699999809265137,8.699999809265137,10209,BPL Limited
2013-09-02,9.0,9.0,8.75,9.0,9.0,7302,BPL Limited
2013-09-03,9.0,9.149999618530272,8.449999809265137,8.699999809265137,8.699999809265137,7170,BPL Limited
2013-09-04,8.75,9.149999618530272,7.5,8.899999618530273,8.899999618530273,44532,BPL Limited
2013-09-05,9.75,9.75,8.600000381469727,9.0,9.0,20604,BPL Limited
2013-09-06,10.0,10.0,8.899999618530273,9.5,9.5,37666,BPL Limited
2013-09-10,9.75,9.899999618530272,9.449999809265137,9.5,9.5,26127,BPL Limited
2013-09-11,11.0,11.0,9.300000190734863,10.0,10.0,43994,BPL Limited
2013-09-12,10.75,10.75,9.5,9.75,9.75,40965,BPL Limited
2013-09-13,10.0,11.699999809265137,9.699999809265137,11.5,11.5,330325,BPL Limited
2013-09-16,11.699999809265137,12.699999809265137,11.050000190734863,12.399999618530272,12.399999618530272,276605,BPL Limited
2013-09-17,12.850000381469728,13.449999809265137,12.600000381469728,13.100000381469728,13.100000381469728,727575,BPL Limited
2013-09-18,12.899999618530272,12.949999809265137,12.050000190734863,12.350000381469728,12.350000381469728,71645,BPL Limited
2013-09-19,12.800000190734863,12.949999809265137,11.899999618530272,12.0,12.0,51621,BPL Limited
2013-09-20,11.850000381469728,11.899999618530272,11.5,11.550000190734863,11.550000190734863,22837,BPL Limited
2013-09-23,11.300000190734863,11.649999618530272,11.199999809265137,11.300000190734863,11.300000190734863,14922,BPL Limited
2013-09-24,11.300000190734863,11.649999618530272,10.699999809265137,10.949999809265137,10.949999809265137,43641,BPL Limited
2013-09-25,11.050000190734863,11.149999618530272,10.850000381469728,10.949999809265137,10.949999809265137,15998,BPL Limited
2013-09-26,10.850000381469728,11.199999809265137,10.800000190734863,10.899999618530272,10.899999618530272,10637,BPL Limited
2013-09-27,10.800000190734863,11.050000190734863,10.600000381469728,10.699999809265137,10.699999809265137,18023,BPL Limited
2013-09-30,10.699999809265137,10.949999809265137,10.449999809265137,10.850000381469728,10.850000381469728,5894,BPL Limited
2013-10-01,10.699999809265137,10.899999618530272,10.5,10.550000190734863,10.550000190734863,8929,BPL Limited
2013-10-03,10.449999809265137,12.050000190734863,10.449999809265137,11.350000381469728,11.350000381469728,59279,BPL Limited
2013-10-04,11.600000381469728,12.350000381469728,11.5,11.75,11.75,106392,BPL Limited
2013-10-07,11.800000190734863,12.100000381469728,11.199999809265137,12.0,12.0,34620,BPL Limited
2013-10-08,11.949999809265137,12.0,11.649999618530272,11.949999809265137,11.949999809265137,10775,BPL Limited
2013-10-09,12.399999618530272,12.399999618530272,11.699999809265137,11.949999809265137,11.949999809265137,30879,BPL Limited
2013-10-10,12.399999618530272,12.399999618530272,11.149999618530272,12.050000190734863,12.050000190734863,20668,BPL Limited
2013-10-11,12.5,12.5,11.850000381469728,12.0,12.0,15300,BPL Limited
2013-10-14,11.850000381469728,12.25,11.300000190734863,11.949999809265137,11.949999809265137,10197,BPL Limited
2013-10-15,12.050000190734863,12.100000381469728,11.5,11.899999618530272,11.899999618530272,42358,BPL Limited
2013-10-17,12.649999618530272,13.5,12.649999618530272,13.100000381469728,13.100000381469728,442082,BPL Limited
2013-10-18,12.899999618530272,13.100000381469728,12.399999618530272,12.550000190734863,12.550000190734863,40480,BPL Limited
2013-10-21,12.399999618530272,13.5,12.199999809265137,12.850000381469728,12.850000381469728,64494,BPL Limited
2013-10-22,12.699999809265137,13.199999809265137,12.449999809265137,13.0,13.0,53782,BPL Limited
2013-10-23,13.5,13.899999618530272,13.199999809265137,13.350000381469728,13.350000381469728,172141,BPL Limited
2013-10-24,13.300000190734863,13.649999618530272,13.199999809265137,13.449999809265137,13.449999809265137,38513,BPL Limited
2013-10-25,13.199999809265137,13.449999809265137,13.0,13.100000381469728,13.100000381469728,20990,BPL Limited
2013-10-28,12.899999618530272,13.300000190734863,12.5,13.0,13.0,21754,BPL Limited
2013-10-29,13.5,13.5,12.800000190734863,13.050000190734863,13.050000190734863,14798,BPL Limited
2013-10-30,13.5,15.399999618530272,12.600000381469728,14.899999618530272,14.899999618530272,346914,BPL Limited
2013-10-31,15.0,15.0,13.600000381469728,13.800000190734863,13.800000190734863,196494,BPL Limited
2013-11-01,13.800000190734863,14.5,13.5,13.850000381469728,13.850000381469728,96454,BPL Limited
2013-11-05,14.100000381469728,14.5,13.449999809265137,13.600000381469728,13.600000381469728,72363,BPL Limited
2013-11-06,13.949999809265137,14.449999809265137,13.649999618530272,14.0,14.0,71467,BPL Limited
2013-11-07,13.850000381469728,14.350000381469728,13.600000381469728,13.800000190734863,13.800000190734863,37903,BPL Limited
2013-11-08,13.699999809265137,13.899999618530272,13.25,13.699999809265137,13.699999809265137,15494,BPL Limited
2013-11-11,13.699999809265137,13.899999618530272,13.300000190734863,13.600000381469728,13.600000381469728,7174,BPL Limited
2013-11-12,13.5,13.75,13.050000190734863,13.149999618530272,13.149999618530272,22272,BPL Limited
2013-11-13,13.050000190734863,13.350000381469728,11.649999618530272,12.5,12.5,71538,BPL Limited
2013-11-14,12.600000381469728,13.300000190734863,12.149999618530272,12.399999618530272,12.399999618530272,33280,BPL Limited
2013-11-18,12.300000190734863,13.149999618530272,12.300000190734863,13.0,13.0,32509,BPL Limited
2013-11-19,13.0,13.100000381469728,12.600000381469728,12.850000381469728,12.850000381469728,12729,BPL Limited
2013-11-20,13.300000190734863,13.5,12.699999809265137,13.149999618530272,13.149999618530272,36424,BPL Limited
2013-11-21,13.149999618530272,13.399999618530272,12.600000381469728,12.75,12.75,20612,BPL Limited
2013-11-22,12.850000381469728,12.899999618530272,12.5,12.699999809265137,12.699999809265137,12483,BPL Limited
2013-11-25,12.800000190734863,14.399999618530272,12.600000381469728,14.0,14.0,72368,BPL Limited
2013-11-26,14.350000381469728,14.699999809265137,13.600000381469728,13.75,13.75,182107,BPL Limited
2013-11-27,13.600000381469728,13.600000381469728,13.100000381469728,13.199999809265137,13.199999809265137,11226,BPL Limited
2013-11-28,13.300000190734863,13.5,13.0,13.100000381469728,13.100000381469728,27524,BPL Limited
2013-11-29,13.449999809265137,13.449999809265137,12.75,12.949999809265137,12.949999809265137,24737,BPL Limited
2013-12-02,12.949999809265137,13.449999809265137,12.75,13.199999809265137,13.199999809265137,19030,BPL Limited
2013-12-03,13.300000190734863,13.899999618530272,13.050000190734863,13.449999809265137,13.449999809265137,21033,BPL Limited
2013-12-04,13.5,14.25,13.25,13.600000381469728,13.600000381469728,42916,BPL Limited
2013-12-05,14.100000381469728,14.100000381469728,13.5,13.550000190734863,13.550000190734863,16806,BPL Limited
2013-12-06,14.0,14.600000381469728,13.300000190734863,13.699999809265137,13.699999809265137,90202,BPL Limited
2013-12-09,13.600000381469728,13.949999809265137,12.899999618530272,13.25,13.25,45452,BPL Limited
2013-12-10,13.449999809265137,13.449999809265137,12.75,12.899999618530272,12.899999618530272,19728,BPL Limited
2013-12-11,13.300000190734863,13.300000190734863,12.75,12.850000381469728,12.850000381469728,10946,BPL Limited
2013-12-12,12.75,13.100000381469728,12.75,12.800000190734863,12.800000190734863,11052,BPL Limited
2013-12-13,13.199999809265137,13.199999809265137,12.75,12.800000190734863,12.800000190734863,17245,BPL Limited
2013-12-16,12.800000190734863,13.399999618530272,12.550000190734863,13.0,13.0,32671,BPL Limited
2013-12-17,13.399999618530272,13.399999618530272,12.850000381469728,13.300000190734863,13.300000190734863,28686,BPL Limited
2013-12-18,13.75,13.899999618530272,13.300000190734863,13.449999809265137,13.449999809265137,194184,BPL Limited
2013-12-19,13.399999618530272,13.899999618530272,13.149999618530272,13.550000190734863,13.550000190734863,40441,BPL Limited
2013-12-20,13.5,13.5,13.25,13.350000381469728,13.350000381469728,11392,BPL Limited
2013-12-23,13.899999618530272,13.899999618530272,13.199999809265137,13.25,13.25,16990,BPL Limited
2013-12-24,13.5,13.75,13.25,13.550000190734863,13.550000190734863,29118,BPL Limited
2013-12-26,13.800000190734863,15.0,13.399999618530272,14.100000381469728,14.100000381469728,177822,BPL Limited
2013-12-27,14.5,14.800000190734863,13.899999618530272,14.149999618530272,14.149999618530272,92993,BPL Limited
2013-12-30,14.100000381469728,14.5,13.75,13.899999618530272,13.899999618530272,58972,BPL Limited
2013-12-31,13.949999809265137,14.5,13.899999618530272,14.25,14.25,44507,BPL Limited
2014-01-01,14.5,14.5,14.0,14.199999809265137,14.199999809265137,24998,BPL Limited
2014-01-02,14.5,17.0,14.100000381469728,15.649999618530272,15.649999618530272,1194358,BPL Limited
2014-01-03,15.800000190734863,16.049999237060547,14.800000190734863,14.800000190734863,14.800000190734863,161375,BPL Limited
2014-01-06,14.800000190734863,15.800000190734863,14.800000190734863,14.949999809265137,14.949999809265137,114339,BPL Limited
2014-01-07,15.399999618530272,15.800000190734863,14.800000190734863,15.399999618530272,15.399999618530272,146094,BPL Limited
2014-01-08,15.5,15.800000190734863,14.899999618530272,15.300000190734863,15.300000190734863,77136,BPL Limited
2014-01-09,15.350000381469728,15.399999618530272,14.800000190734863,15.149999618530272,15.149999618530272,87588,BPL Limited
2014-01-10,15.0,15.149999618530272,14.350000381469728,14.649999618530272,14.649999618530272,35618,BPL Limited
2014-01-13,14.649999618530272,14.899999618530272,14.300000190734863,14.399999618530272,14.399999618530272,36440,BPL Limited
2014-01-14,14.300000190734863,14.699999809265137,14.050000190734863,14.5,14.5,16146,BPL Limited
2014-01-15,15.050000190734863,16.700000762939453,15.0,16.149999618530273,16.149999618530273,563384,BPL Limited
2014-01-16,16.299999237060547,16.299999237060547,14.699999809265137,15.199999809265137,15.199999809265137,120332,BPL Limited
2014-01-17,15.5,15.5,14.649999618530272,14.75,14.75,92540,BPL Limited
2014-01-20,14.25,15.0,14.25,14.300000190734863,14.300000190734863,45014,BPL Limited
2014-01-21,14.5,14.949999809265137,14.25,14.600000381469728,14.600000381469728,64779,BPL Limited
2014-01-22,14.5,14.800000190734863,14.350000381469728,14.5,14.5,25961,BPL Limited
2014-01-23,14.800000190734863,14.800000190734863,14.300000190734863,14.350000381469728,14.350000381469728,17222,BPL Limited
2014-01-24,14.300000190734863,14.550000190734863,14.0,14.050000190734863,14.050000190734863,29600,BPL Limited
2014-01-27,14.050000190734863,14.399999618530272,13.25,13.550000190734863,13.550000190734863,31558,BPL Limited
2014-01-28,13.699999809265137,13.899999618530272,13.300000190734863,13.649999618530272,13.649999618530272,9747,BPL Limited
2014-01-29,13.800000190734863,14.449999809265137,13.649999618530272,13.699999809265137,13.699999809265137,26737,BPL Limited
2014-01-30,13.699999809265137,13.75,13.199999809265137,13.5,13.5,19667,BPL Limited
2014-01-31,13.649999618530272,14.0,13.300000190734863,13.449999809265137,13.449999809265137,15870,BPL Limited
2014-02-03,13.449999809265137,13.899999618530272,13.399999618530272,13.399999618530272,13.399999618530272,23806,BPL Limited
2014-02-04,13.100000381469728,13.5,13.100000381469728,13.399999618530272,13.399999618530272,7756,BPL Limited
2014-02-05,13.350000381469728,13.649999618530272,13.199999809265137,13.25,13.25,12587,BPL Limited
2014-02-06,13.800000190734863,13.800000190734863,13.199999809265137,13.199999809265137,13.199999809265137,13890,BPL Limited
2014-02-07,13.199999809265137,13.5,13.100000381469728,13.25,13.25,17572,BPL Limited
2014-02-10,13.300000190734863,14.199999809265137,13.300000190734863,14.0,14.0,33046,BPL Limited
2014-02-11,13.899999618530272,14.25,13.600000381469728,14.149999618530272,14.149999618530272,14828,BPL Limited
2014-02-12,15.100000381469728,15.300000190734863,14.0,14.199999809265137,14.199999809265137,167266,BPL Limited
2014-02-13,14.699999809265137,14.699999809265137,13.100000381469728,13.449999809265137,13.449999809265137,26158,BPL Limited
2014-02-14,13.449999809265137,13.649999618530272,13.0,13.350000381469728,13.350000381469728,26330,BPL Limited
2014-02-17,14.300000190734863,14.350000381469728,13.050000190734863,13.399999618530272,13.399999618530272,18094,BPL Limited
2014-02-18,14.0,15.399999618530272,13.75,14.199999809265137,14.199999809265137,166278,BPL Limited
2014-02-19,14.199999809265137,14.449999809265137,14.050000190734863,14.100000381469728,14.100000381469728,11934,BPL Limited
2014-02-20,14.0,14.149999618530272,13.800000190734863,13.949999809265137,13.949999809265137,12730,BPL Limited
2014-02-21,14.300000190734863,14.300000190734863,13.800000190734863,13.899999618530272,13.899999618530272,10230,BPL Limited
2014-02-24,13.800000190734863,14.149999618530272,13.5,13.899999618530272,13.899999618530272,13289,BPL Limited
2014-02-25,13.850000381469728,14.149999618530272,13.600000381469728,14.100000381469728,14.100000381469728,16353,BPL Limited
2014-02-26,14.0,14.149999618530272,13.850000381469728,13.899999618530272,13.899999618530272,6231,BPL Limited
2014-02-28,14.050000190734863,14.199999809265137,13.699999809265137,13.949999809265137,13.949999809265137,9781,BPL Limited
2014-03-03,13.800000190734863,14.25,13.649999618530272,13.850000381469728,13.850000381469728,11538,BPL Limited
2014-03-04,13.199999809265137,14.199999809265137,13.199999809265137,13.800000190734863,13.800000190734863,9274,BPL Limited
2014-03-05,13.949999809265137,14.449999809265137,13.75,13.800000190734863,13.800000190734863,27268,BPL Limited
2014-03-06,13.800000190734863,14.199999809265137,13.800000190734863,14.0,14.0,19965,BPL Limited
2014-03-07,14.199999809265137,14.399999618530272,13.800000190734863,13.850000381469728,13.850000381469728,38139,BPL Limited
2014-03-10,13.699999809265137,14.300000190734863,13.699999809265137,13.75,13.75,14488,BPL Limited
2014-03-11,14.0,14.699999809265137,13.699999809265137,14.0,14.0,59724,BPL Limited
2014-03-12,13.899999618530272,14.050000190734863,13.75,13.75,13.75,10995,BPL Limited
2014-03-13,13.699999809265137,14.149999618530272,13.600000381469728,13.800000190734863,13.800000190734863,24832,BPL Limited
2014-03-14,13.149999618530272,13.949999809265137,13.149999618530272,13.699999809265137,13.699999809265137,24008,BPL Limited
2014-03-18,13.649999618530272,14.149999618530272,13.350000381469728,13.449999809265137,13.449999809265137,184161,BPL Limited
2014-03-19,13.5,13.550000190734863,13.100000381469728,13.149999618530272,13.149999618530272,71966,BPL Limited
2014-03-20,13.300000190734863,13.649999618530272,13.100000381469728,13.199999809265137,13.199999809265137,81795,BPL Limited
2014-03-21,13.5,13.550000190734863,13.25,13.399999618530272,13.399999618530272,22908,BPL Limited
2014-03-24,13.300000190734863,13.899999618530272,13.300000190734863,13.600000381469728,13.600000381469728,30470,BPL Limited
2014-03-25,13.449999809265137,13.699999809265137,13.300000190734863,13.399999618530272,13.399999618530272,37979,BPL Limited
2014-03-26,13.5,13.600000381469728,13.149999618530272,13.199999809265137,13.199999809265137,34047,BPL Limited
2014-03-27,13.199999809265137,13.550000190734863,13.149999618530272,13.350000381469728,13.350000381469728,15324,BPL Limited
2014-03-28,13.600000381469728,14.0,13.350000381469728,13.75,13.75,18381,BPL Limited
2014-03-31,13.699999809265137,14.449999809265137,13.550000190734863,13.949999809265137,13.949999809265137,31131,BPL Limited
2014-04-01,13.899999618530272,14.100000381469728,13.649999618530272,13.949999809265137,13.949999809265137,31119,BPL Limited
2014-04-02,14.199999809265137,14.699999809265137,14.100000381469728,14.5,14.5,47531,BPL Limited
2014-04-03,14.399999618530272,14.5,13.949999809265137,13.949999809265137,13.949999809265137,19009,BPL Limited
2014-04-04,13.899999618530272,15.300000190734863,13.899999618530272,14.800000190734863,14.800000190734863,108352,BPL Limited
2014-04-07,15.300000190734863,15.449999809265137,14.25,14.800000190734863,14.800000190734863,51600,BPL Limited
2014-04-09,14.75,15.25,14.300000190734863,15.050000190734863,15.050000190734863,93014,BPL Limited
2014-04-10,15.449999809265137,15.600000381469728,14.699999809265137,14.949999809265137,14.949999809265137,102039,BPL Limited
2014-04-11,14.850000381469728,16.200000762939453,14.600000381469728,15.949999809265137,15.949999809265137,95903,BPL Limited
2014-04-15,16.0,16.399999618530273,15.199999809265137,15.25,15.25,55854,BPL Limited
2014-04-16,15.199999809265137,15.350000381469728,14.399999618530272,14.550000190734863,14.550000190734863,45179,BPL Limited
2014-04-17,15.0,15.0,14.550000190734863,14.649999618530272,14.649999618530272,18756,BPL Limited
2014-04-21,14.649999618530272,15.100000381469728,14.649999618530272,15.050000190734863,15.050000190734863,32640,BPL Limited
2014-04-22,15.199999809265137,15.800000190734863,15.0,15.5,15.5,54771,BPL Limited
2014-04-23,15.600000381469728,15.800000190734863,15.25,15.399999618530272,15.399999618530272,48007,BPL Limited
2014-04-24,15.399999618530272,15.399999618530272,15.399999618530272,15.399999618530272,15.399999618530272,0,BPL Limited
2014-04-25,15.199999809265137,16.100000381469727,15.199999809265137,15.550000190734863,15.550000190734863,52876,BPL Limited
2014-04-28,15.5,15.850000381469728,15.0,15.699999809265137,15.699999809265137,45195,BPL Limited
2014-04-29,15.5,17.5,15.25,17.049999237060547,17.049999237060547,267053,BPL Limited
2014-04-30,17.049999237060547,17.399999618530273,15.550000190734863,15.800000190734863,15.800000190734863,75067,BPL Limited
2014-05-02,15.5,16.25,15.100000381469728,15.5,15.5,43815,BPL Limited
2014-05-05,15.5,15.649999618530272,15.149999618530272,15.149999618530272,15.149999618530272,15862,BPL Limited
2014-05-06,15.0,15.449999809265137,15.0,15.149999618530272,15.149999618530272,13281,BPL Limited
2014-05-07,15.050000190734863,15.399999618530272,14.550000190734863,14.800000190734863,14.800000190734863,21970,BPL Limited
2014-05-08,14.5,15.0,14.5,14.699999809265137,14.699999809265137,21224,BPL Limited
2014-05-09,14.699999809265137,15.25,14.600000381469728,14.800000190734863,14.800000190734863,25087,BPL Limited
2014-05-12,15.399999618530272,15.399999618530272,14.800000190734863,14.949999809265137,14.949999809265137,29888,BPL Limited
2014-05-13,15.100000381469728,17.200000762939453,15.100000381469728,16.100000381469727,16.100000381469727,243497,BPL Limited
2014-05-14,16.25,16.950000762939453,16.100000381469727,16.299989700317383,16.299989700317383,40709,BPL Limited
2014-05-15,16.600000381469727,17.450000762939453,16.100000381469727,16.149999618530273,16.149999618530273,64450,BPL Limited
2014-05-16,16.25,16.450000762939453,15.100000381469728,15.399999618530272,15.399999618530272,39814,BPL Limited
2014-05-19,15.300000190734863,17.149999618530273,15.100000381469728,16.950000762939453,16.950000762939453,131360,BPL Limited
2014-05-20,17.399999618530273,18.0,16.149999618530273,17.350000381469727,17.350000381469727,160750,BPL Limited
2014-05-21,17.399999618530273,19.200000762939453,17.0,18.950000762939453,18.950000762939453,239524,BPL Limited
2014-05-22,19.0,19.850000381469727,18.950000762939453,19.299999237060547,19.299999237060547,133395,BPL Limited
2014-05-23,19.350000381469727,21.25,19.350000381469727,20.450000762939453,20.450000762939453,272120,BPL Limited
2014-05-26,20.64999961853028,22.0,17.0,18.350000381469727,18.350000381469727,214250,BPL Limited
2014-05-27,18.100000381469727,21.450000762939453,17.049999237060547,20.200000762939453,20.200000762939453,221125,BPL Limited
2014-05-28,22.75,22.75,21.200000762939453,21.549999237060547,21.549999237060547,732258,BPL Limited
2014-05-29,21.350000381469727,21.950000762939453,20.100000381469727,20.299999237060547,20.299999237060547,124402,BPL Limited
2014-05-30,20.299999237060547,22.0,20.0,20.25,20.25,127904,BPL Limited
2014-06-02,20.14999961853028,20.850000381469727,19.600000381469727,20.100000381469727,20.100000381469727,70591,BPL Limited
2014-06-03,20.100000381469727,20.5,19.700000762939453,20.299999237060547,20.299999237060547,76210,BPL Limited
2014-06-04,20.100000381469727,20.700000762939453,19.89999961853028,20.049999237060547,20.049999237060547,130280,BPL Limited
2014-06-05,20.14999961853028,22.299999237060547,20.0,21.0,21.0,240351,BPL Limited
2014-06-06,21.600000381469727,21.64999961853028,20.0,20.25,20.25,61341,BPL Limited
2014-06-09,20.25,20.89999961853028,19.64999961853028,20.450000762939453,20.450000762939453,83020,BPL Limited
2014-06-10,20.0,20.14999961853028,19.600000381469727,19.89999961853028,19.89999961853028,93085,BPL Limited
2014-06-11,19.700000762939453,20.39999961853028,19.25,19.39999961853028,19.39999961853028,39629,BPL Limited
2014-06-12,18.5,20.200000762939453,18.5,19.64999961853028,19.64999961853028,53049,BPL Limited
2014-06-13,18.950000762939453,19.799999237060547,18.700000762939453,18.75,18.75,35930,BPL Limited
2014-06-16,18.0,19.0,17.899999618530273,18.75,18.75,18861,BPL Limited
2014-06-17,19.549999237060547,19.549999237060547,18.0,18.89999961853028,18.89999961853028,8458,BPL Limited
2014-06-18,18.89999961853028,19.0,18.049999237060547,18.64999961853028,18.64999961853028,27361,BPL Limited
2014-06-19,18.75,19.14999961853028,18.14999961853028,18.25,18.25,10009,BPL Limited
2014-06-20,18.049999237060547,18.5,17.75,17.75,17.75,21229,BPL Limited
2014-06-23,17.25,18.299999237060547,17.049999237060547,17.75,17.75,10620,BPL Limited
2014-06-24,17.299999237060547,18.450000762939453,17.299999237060547,18.0,18.0,14232,BPL Limited
2014-06-25,18.64999961853028,18.75,17.399999618530273,18.5,18.5,22737,BPL Limited
2014-06-26,18.75,18.89999961853028,18.100000381469727,18.75,18.75,14860,BPL Limited
2014-06-27,18.600000381469727,19.64999961853028,18.5,19.450000762939453,19.450000762939453,44169,BPL Limited
2014-06-30,20.350000381469727,20.39999961853028,19.100000381469727,19.700000762939453,19.700000762939453,84626,BPL Limited
2014-07-01,20.299999237060547,20.549999237060547,19.299999237060547,20.25,20.25,128272,BPL Limited
2014-07-02,20.100000381469727,20.549999237060547,19.549999237060547,19.64999961853028,19.64999961853028,52303,BPL Limited
2014-07-03,19.600000381469727,20.25,19.049999237060547,19.14999961853028,19.14999961853028,37122,BPL Limited
2014-07-04,19.950000762939453,19.950000762939453,18.350000381469727,18.75,18.75,64769,BPL Limited
2014-07-07,18.64999961853028,19.049999237060547,18.5,18.700000762939453,18.700000762939453,25369,BPL Limited
2014-07-08,19.200000762939453,19.25,17.799999237060547,17.850000381469727,17.850000381469727,78093,BPL Limited
2014-07-09,17.950000762939453,18.0,17.0,17.25,17.25,25776,BPL Limited
2014-07-10,17.850000381469727,18.0,17.0,17.450000762939453,17.450000762939453,110557,BPL Limited
2014-07-11,17.200000762939453,17.75,16.799999237060547,17.0,17.0,45860,BPL Limited
2014-07-14,17.700000762939453,17.700000762939453,16.450000762939453,16.700000762939453,16.700000762939453,8883,BPL Limited
2014-07-15,16.549999237060547,17.399999618530273,16.549999237060547,16.850000381469727,16.850000381469727,11274,BPL Limited
2014-07-16,16.899999618530273,17.299999237060547,16.75,17.25,17.25,41466,BPL Limited
2014-07-17,17.100000381469727,17.399999618530273,16.899999618530273,17.100000381469727,17.100000381469727,20870,BPL Limited
2014-07-18,17.100000381469727,17.450000762939453,16.649999618530273,17.200000762939453,17.200000762939453,22783,BPL Limited
2014-07-21,17.5,17.5,16.700000762939453,16.850000381469727,16.850000381469727,22079,BPL Limited
2014-07-22,17.149999618530273,17.399999618530273,16.75,16.950000762939453,16.950000762939453,34522,BPL Limited
2014-07-23,17.0,17.149999618530273,16.700000762939453,16.799999237060547,16.799999237060547,6687,BPL Limited
2014-07-24,16.649999618530273,17.100000381469727,16.600000381469727,16.700000762939453,16.700000762939453,26993,BPL Limited
2014-07-25,17.0,17.399999618530273,16.350000381469727,16.850000381469727,16.850000381469727,20791,BPL Limited
2014-07-28,16.850000381469727,17.5,16.600000381469727,17.049999237060547,17.049999237060547,35409,BPL Limited
2014-07-30,16.600000381469727,17.200000762939453,16.600000381469727,16.75,16.75,15107,BPL Limited
2014-07-31,16.799999237060547,17.100000381469727,16.450000762939453,16.799999237060547,16.799999237060547,7844,BPL Limited
2014-08-01,16.75,17.0,16.5,16.600000381469727,16.600000381469727,11897,BPL Limited
2014-08-04,16.700000762939453,17.299999237060547,16.700000762939453,16.75,16.75,21945,BPL Limited
2014-08-05,16.799999237060547,17.100000381469727,16.75,16.75,16.75,8630,BPL Limited
2014-08-06,16.700000762939453,17.299999237060547,16.399999618530273,16.649999618530273,16.649999618530273,14022,BPL Limited
2014-08-07,16.5,16.850000381469727,16.5,16.649999618530273,16.649999618530273,2000,BPL Limited
2014-08-08,16.049999237060547,16.600000381469727,16.049999237060547,16.299999237060547,16.299999237060547,19030,BPL Limited
2014-08-11,16.25,16.850000381469727,16.100000381469727,16.100000381469727,16.100000381469727,5964,BPL Limited
2014-08-12,16.149999618530273,16.450000762939453,16.100000381469727,16.299999237060547,16.299999237060547,14867,BPL Limited
2014-08-13,16.350000381469727,16.350000381469727,14.949999809265137,15.5,15.5,30763,BPL Limited
2014-08-14,15.050000190734863,15.850000381469728,15.0,15.550000190734863,15.550000190734863,3551,BPL Limited
2014-08-18,15.050000190734863,16.5,15.050000190734863,16.149999618530273,16.149999618530273,22728,BPL Limited
2014-08-19,15.649999618530272,16.5,15.649999618530272,16.0,16.0,20960,BPL Limited
2014-08-20,16.450000762939453,16.5,16.049999237060547,16.350000381469727,16.350000381469727,6143,BPL Limited
2014-08-21,16.049999237060547,16.950000762939453,16.049999237060547,16.799999237060547,16.799999237060547,22444,BPL Limited
2014-08-22,16.950000762939453,17.200000762939453,16.5,17.0,17.0,16938,BPL Limited
2014-08-25,16.799999237060547,17.899999618530273,16.600000381469727,17.700000762939453,17.700000762939453,40688,BPL Limited
2014-08-26,18.700000762939453,18.799999237060547,17.700000762939453,18.25,18.25,369858,BPL Limited
2014-08-27,18.5,18.5,17.25,17.549999237060547,17.549999237060547,58977,BPL Limited
2014-08-28,17.5,19.299999237060547,16.5,19.25,19.25,581521,BPL Limited
2014-09-01,19.25,19.450000762939453,18.25,18.549999237060547,18.549999237060547,92151,BPL Limited
2014-09-02,18.39999961853028,18.5,17.700000762939453,17.850000381469727,17.850000381469727,81285,BPL Limited
2014-09-03,18.0,18.200000762939453,17.350000381469727,17.450000762939453,17.450000762939453,66211,BPL Limited
2014-09-04,17.149999618530273,17.399999618530273,16.549999237060547,16.799999237060547,16.799999237060547,34189,BPL Limited
2014-09-05,16.600000381469727,17.75,16.600000381469727,17.149999618530273,17.149999618530273,63394,BPL Limited
2014-09-08,17.149999618530273,18.75,16.75,18.39999961853028,18.39999961853028,136515,BPL Limited
2014-09-09,18.5,22.049999237060547,17.850000381469727,22.049999237060547,22.049999237060547,1341514,BPL Limited
2014-09-10,23.0,23.39999961853028,19.75,20.450000762939453,20.450000762939453,843240,BPL Limited
2014-09-11,20.89999961853028,21.549999237060547,20.14999961853028,21.25,21.25,197133,BPL Limited
2014-09-12,21.89999961853028,22.39999961853028,20.299999237060547,21.64999961853028,21.64999961853028,312335,BPL Limited
2014-09-15,21.700000762939453,25.950000762939453,21.700000762939453,25.299999237060547,25.299999237060547,1920761,BPL Limited
2014-09-16,25.39999961853028,25.39999961853028,21.0,21.200000762939453,21.200000762939453,519221,BPL Limited
2014-09-17,21.600000381469727,22.100000381469727,20.75,21.75,21.75,210080,BPL Limited
2014-09-18,21.700000762939453,24.299999237060547,21.5,23.799999237060547,23.799999237060547,311680,BPL Limited
2014-09-19,23.600000381469727,23.89999961853028,21.799999237060547,22.799999237060547,22.799999237060547,179505,BPL Limited
2014-09-22,22.700000762939453,23.100000381469727,21.100000381469727,22.100000381469727,22.100000381469727,112916,BPL Limited
2014-09-23,22.200000762939453,22.450000762939453,21.0,21.14999961853028,21.14999961853028,99197,BPL Limited
2014-09-24,21.14999961853028,21.549999237060547,19.350000381469727,19.64999961853028,19.64999961853028,176614,BPL Limited
2014-09-25,19.5,19.89999961853028,18.0,18.25,18.25,176760,BPL Limited
2014-09-26,18.200000762939453,19.0,18.200000762939453,18.64999961853028,18.64999961853028,102281,BPL Limited
2014-09-29,19.5,22.25,18.64999961853028,21.0,21.0,474942,BPL Limited
2014-09-30,22.39999961853028,22.600000381469727,20.75,21.0,21.0,393736,BPL Limited
2014-10-01,21.950000762939453,21.950000762939453,20.0,20.39999961853028,20.39999961853028,94206,BPL Limited
2014-10-07,21.799999237060547,22.100000381469727,19.549999237060547,21.350000381469727,21.350000381469727,128118,BPL Limited
2014-10-08,21.950000762939453,21.950000762939453,20.600000381469727,20.89999961853028,20.89999961853028,79708,BPL Limited
2014-10-09,20.89999961853028,21.5,20.89999961853028,21.25,21.25,63224,BPL Limited
2014-10-10,21.39999961853028,21.39999961853028,20.299999237060547,20.600000381469727,20.600000381469727,38714,BPL Limited
2014-10-13,20.64999961853028,20.89999961853028,20.0,20.5,20.5,43930,BPL Limited
2014-10-14,20.450000762939453,20.850000381469727,19.700000762939453,20.100000381469727,20.100000381469727,46023,BPL Limited
2014-10-15,20.100000381469727,20.100000381469727,20.100000381469727,20.100000381469727,20.100000381469727,0,BPL Limited
2014-10-16,19.200000762939453,20.299999237060547,18.950000762939453,19.200000762939453,19.200000762939453,52210,BPL Limited
2014-10-17,19.100000381469727,20.0,18.549999237060547,19.200000762939453,19.200000762939453,89445,BPL Limited
2014-10-20,19.5,19.799999237060547,18.700000762939453,19.100000381469727,19.100000381469727,46264,BPL Limited
2014-10-21,18.950000762939453,19.200000762939453,18.549999237060547,18.64999961853028,18.64999961853028,45931,BPL Limited
2014-10-22,18.5,19.5,18.39999961853028,18.850000381469727,18.850000381469727,45734,BPL Limited
2014-10-27,19.75,19.75,18.700000762939453,19.100000381469727,19.100000381469727,22572,BPL Limited
2014-10-28,19.0,19.64999961853028,18.64999961853028,19.200000762939453,19.200000762939453,51499,BPL Limited
2014-10-29,19.950000762939453,19.950000762939453,18.89999961853028,19.049999237060547,19.049999237060547,42067,BPL Limited
2014-10-30,19.0,19.450000762939453,18.64999961853028,19.0,19.0,28065,BPL Limited
2014-10-31,19.100000381469727,20.799999237060547,19.100000381469727,19.89999961853028,19.89999961853028,80322,BPL Limited
2014-11-03,19.700000762939453,21.100000381469727,19.549999237060547,20.700000762939453,20.700000762939453,78533,BPL Limited
2014-11-05,20.89999961853028,21.5,20.39999961853028,20.700000762939453,20.700000762939453,73355,BPL Limited
2014-11-07,20.39999961853028,21.64999961853028,20.100000381469727,20.850000381469727,20.850000381469727,87163,BPL Limited
2014-11-10,21.39999961853028,23.0,20.450000762939453,22.700000762939453,22.700000762939453,257486,BPL Limited
2014-11-11,23.700000762939453,25.350000381469727,23.5,24.450000762939453,24.450000762939453,1371897,BPL Limited
2014-11-12,24.700000762939453,25.0,23.39999961853028,23.64999961853028,23.64999961853028,245934,BPL Limited
2014-11-13,24.450000762939453,24.450000762939453,22.600000381469727,22.850000381469727,22.850000381469727,80847,BPL Limited
2014-11-14,22.600000381469727,23.200000762939453,21.5,22.200000762939453,22.200000762939453,100084,BPL Limited
2014-11-17,22.5,23.0,21.75,22.100000381469727,22.100000381469727,66845,BPL Limited
2014-11-18,22.0,22.75,21.89999961853028,22.14999961853028,22.14999961853028,72586,BPL Limited
2014-11-19,22.100000381469727,24.600000381469727,22.0,22.450000762939453,22.450000762939453,184199,BPL Limited
2014-11-20,22.200000762939453,23.75,22.200000762939453,22.350000381469727,22.350000381469727,95335,BPL Limited
2014-11-21,22.5,22.700000762939453,21.5,21.850000381469727,21.850000381469727,64304,BPL Limited
2014-11-24,21.850000381469727,22.5,21.600000381469727,21.89999961853028,21.89999961853028,47600,BPL Limited
2014-11-25,22.100000381469727,22.100000381469727,20.350000381469727,20.64999961853028,20.64999961853028,68251,BPL Limited
2014-11-26,20.39999961853028,21.39999961853028,20.39999961853028,20.89999961853028,20.89999961853028,24125,BPL Limited
2014-11-27,21.89999961853028,21.89999961853028,20.600000381469727,20.75,20.75,32607,BPL Limited
2014-11-28,20.700000762939453,20.850000381469727,17.149999618530273,20.049999237060547,20.049999237060547,121218,BPL Limited
2014-12-01,19.700000762939453,20.450000762939453,19.5,19.75,19.75,35005,BPL Limited
2014-12-02,20.0,20.350000381469727,19.600000381469727,20.049999237060547,20.049999237060547,30621,BPL Limited
2014-12-03,19.799999237060547,23.600000381469727,19.549999237060547,22.950000762939453,22.950000762939453,441066,BPL Limited
2014-12-04,22.950000762939453,23.39999961853028,22.100000381469727,22.299999237060547,22.299999237060547,76245,BPL Limited
2014-12-05,22.0,24.0,21.39999961853028,23.200000762939453,23.200000762939453,227634,BPL Limited
2014-12-08,24.0,25.89999961853028,22.549999237060547,25.450000762939453,25.450000762939453,938568,BPL Limited
2014-12-09,25.850000381469727,26.100000381469727,23.25,23.5,23.5,665380,BPL Limited
2014-12-10,23.950000762939453,24.89999961853028,23.100000381469727,23.75,23.75,182410,BPL Limited
2014-12-11,23.549999237060547,23.600000381469727,22.75,23.0,23.0,98101,BPL Limited
2014-12-12,23.5,23.5,21.850000381469727,22.0,22.0,54571,BPL Limited
2014-12-15,21.5,22.0,20.100000381469727,21.25,21.25,72147,BPL Limited
2014-12-16,21.25,21.5,19.64999961853028,19.950000762939453,19.950000762939453,87575,BPL Limited
2014-12-17,19.700000762939453,20.5,18.89999961853028,19.549999237060547,19.549999237060547,105516,BPL Limited
2014-12-18,20.100000381469727,21.299999237060547,20.100000381469727,20.89999961853028,20.89999961853028,91310,BPL Limited
2014-12-19,21.39999961853028,22.5,20.5,20.89999961853028,20.89999961853028,112182,BPL Limited
2014-12-22,21.700000762939453,21.700000762939453,20.5,20.799999237060547,20.799999237060547,18622,BPL Limited
2014-12-23,20.700000762939453,20.950000762939453,19.850000381469727,20.14999961853028,20.14999961853028,30019,BPL Limited
2014-12-24,21.0,24.0,21.0,22.89999961853028,22.89999961853028,1158468,BPL Limited
2014-12-26,23.0,24.549999237060547,22.850000381469727,23.799999237060547,23.799999237060547,863329,BPL Limited
2014-12-29,24.25,28.549999237060547,23.39999961853028,28.549999237060547,28.549999237060547,1893661,BPL Limited
2014-12-30,29.5,30.799999237060547,27.100000381469727,28.0,28.0,1437130,BPL Limited
2014-12-31,28.049999237060547,33.599998474121094,28.049999237060547,33.599998474121094,33.599998474121094,3259197,BPL Limited
2015-01-01,34.150001525878906,34.900001525878906,32.599998474121094,33.54999923706055,33.54999923706055,1803737,BPL Limited
2015-01-02,33.5,34.400001525878906,32.0,32.79999923706055,32.79999923706055,741413,BPL Limited
2015-01-05,32.400001525878906,33.79999923706055,31.200000762939453,31.950000762939453,31.950000762939453,482570,BPL Limited
2015-01-06,31.5,32.5,29.299999237060547,29.700000762939453,29.700000762939453,1218427,BPL Limited
2015-01-07,30.350000381469727,32.25,29.549999237060547,31.049999237060547,31.049999237060547,1057882,BPL Limited
2015-01-08,32.0,32.849998474121094,31.700000762939453,32.150001525878906,32.150001525878906,714809,BPL Limited
2015-01-09,32.849998474121094,33.150001525878906,31.0,31.450000762939453,31.450000762939453,355001,BPL Limited
2015-01-12,31.0,34.54999923706055,31.0,34.54999923706055,34.54999923706055,1098941,BPL Limited
2015-01-13,35.849998474121094,38.0,35.04999923706055,36.29999923706055,36.29999923706055,2361762,BPL Limited
2015-01-14,36.75,38.59999847412109,35.54999923706055,38.09999847412109,38.09999847412109,1061082,BPL Limited
2015-01-15,38.75,39.59999847412109,37.0,37.29999923706055,37.29999923706055,609569,BPL Limited
2015-01-16,37.20000076293945,37.75,36.0,36.75,36.75,421067,BPL Limited
2015-01-19,36.20000076293945,37.84999847412109,35.54999923706055,36.75,36.75,500384,BPL Limited
2015-01-20,37.34999847412109,37.54999923706055,36.09999847412109,36.400001525878906,36.400001525878906,572083,BPL Limited
2015-01-21,36.84999847412109,36.84999847412109,34.599998474121094,35.099998474121094,35.099998474121094,287967,BPL Limited
2015-01-22,35.099998474121094,35.70000076293945,34.20000076293945,34.79999923706055,34.79999923706055,245419,BPL Limited
2015-01-23,34.95000076293945,35.5,32.25,33.0,33.0,229310,BPL Limited
2015-01-27,33.29999923706055,36.29999923706055,32.0,36.29999923706055,36.29999923706055,1067803,BPL Limited
2015-01-28,36.95000076293945,37.04999923706055,33.70000076293945,34.599998474121094,34.599998474121094,522233,BPL Limited
2015-01-29,34.45000076293945,35.75,33.29999923706055,35.099998474121094,35.099998474121094,348835,BPL Limited
2015-01-30,35.0,35.400001525878906,33.5,33.849998474121094,33.849998474121094,180230,BPL Limited
2015-02-02,34.20000076293945,35.20000076293945,33.70000076293945,33.95000076293945,33.95000076293945,140612,BPL Limited
2015-02-03,35.0,35.0,33.099998474121094,33.599998474121094,33.599998474121094,143777,BPL Limited
2015-02-04,33.5,33.900001525878906,32.650001525878906,33.04999923706055,33.04999923706055,100624,BPL Limited
2015-02-05,33.400001525878906,33.650001525878906,29.75,30.600000381469727,30.600000381469727,247836,BPL Limited
2015-02-06,31.850000381469727,31.850000381469727,29.100000381469727,29.549999237060547,29.549999237060547,266874,BPL Limited
2015-02-09,29.049999237060547,33.650001525878906,28.75,30.950000762939453,30.950000762939453,315648,BPL Limited
2015-02-10,31.89999961853028,33.099998474121094,29.700000762939453,30.950000762939453,30.950000762939453,247532,BPL Limited
2015-02-11,31.200000762939453,32.79999923706055,30.89999961853028,31.799999237060547,31.799999237060547,260571,BPL Limited
2015-02-12,32.099998474121094,34.599998474121094,31.5,34.29999923706055,34.29999923706055,367328,BPL Limited
2015-02-13,34.79999923706055,34.900001525878906,32.20000076293945,32.599998474121094,32.599998474121094,278562,BPL Limited
2015-02-16,32.849998474121094,34.29999923706055,32.45000076293945,32.70000076293945,32.70000076293945,163706,BPL Limited
2015-02-18,32.900001525878906,35.25,32.70000076293945,34.400001525878906,34.400001525878906,410670,BPL Limited
2015-02-19,34.70000076293945,35.900001525878906,33.25,33.95000076293945,33.95000076293945,156957,BPL Limited
2015-02-20,33.599998474121094,38.5,33.400001525878906,37.650001525878906,37.650001525878906,1103618,BPL Limited
2015-02-23,40.0,40.900001525878906,38.400001525878906,38.70000076293945,38.70000076293945,1926606,BPL Limited
2015-02-24,38.84999847412109,39.54999923706055,36.54999923706055,37.150001525878906,37.150001525878906,351546,BPL Limited
2015-02-25,38.45000076293945,38.95000076293945,36.29999923706055,36.75,36.75,304707,BPL Limited
2015-02-26,36.84999847412109,36.84999847412109,34.79999923706055,35.0,35.0,192931,BPL Limited
2015-02-27,35.29999923706055,37.25,35.0,36.59999847412109,36.59999847412109,265994,BPL Limited
2015-03-02,35.29999923706055,35.75,34.099998474121094,34.400001525878906,34.400001525878906,144130,BPL Limited
2015-03-03,35.150001525878906,35.54999923706055,34.0,34.25,34.25,180503,BPL Limited
2015-03-04,34.45000076293945,34.45000076293945,31.600000381469727,31.950000762939453,31.950000762939453,182733,BPL Limited
2015-03-05,32.5,33.599998474121094,31.950000762939453,32.099998474121094,32.099998474121094,159648,BPL Limited
2015-03-09,32.04999923706055,38.5,31.25,37.34999847412109,37.34999847412109,1588310,BPL Limited
2015-03-10,37.95000076293945,38.45000076293945,35.0,35.650001525878906,35.650001525878906,494964,BPL Limited
2015-03-11,35.900001525878906,36.29999923706055,34.099998474121094,34.25,34.25,152940,BPL Limited
2015-03-12,34.099998474121094,36.900001525878906,34.099998474121094,36.0,36.0,286534,BPL Limited
2015-03-13,36.34999847412109,36.34999847412109,33.25,33.95000076293945,33.95000076293945,295635,BPL Limited
2015-03-16,33.5,34.349998474121094,32.650001525878906,32.95000076293945,32.95000076293945,115410,BPL Limited
2015-03-17,33.45000076293945,35.45000076293945,33.099998474121094,33.79999923706055,33.79999923706055,154939,BPL Limited
2015-03-18,34.5,34.70000076293945,33.25,33.5,33.5,104304,BPL Limited
2015-03-19,34.099998474121094,34.400001525878906,30.75,32.099998474121094,32.099998474121094,135746,BPL Limited
2015-03-20,32.400001525878906,32.900001525878906,30.700000762939453,31.14999961853028,31.14999961853028,235748,BPL Limited
2015-03-23,31.39999961853028,31.700000762939453,29.25,29.700000762939453,29.700000762939453,115260,BPL Limited
2015-03-24,28.64999961853028,32.599998474121094,28.5,30.75,30.75,303629,BPL Limited
2015-03-25,30.75,31.39999961853028,28.950000762939453,29.64999961853028,29.64999961853028,113876,BPL Limited
2015-03-26,29.14999961853028,30.299999237060547,29.0,29.350000381469727,29.350000381469727,107381,BPL Limited
2015-03-27,29.600000381469727,30.39999961853028,27.39999961853028,28.700000762939453,28.700000762939453,137869,BPL Limited
2015-03-30,29.25,31.0,29.25,30.450000762939453,30.450000762939453,107413,BPL Limited
2015-03-31,30.5,32.0,30.5,30.799999237060547,30.799999237060547,90293,BPL Limited
2015-04-01,30.549999237060547,32.5,30.549999237060547,31.75,31.75,116804,BPL Limited
2015-04-06,31.75,33.400001525878906,31.5,32.79999923706055,32.79999923706055,123940,BPL Limited
2015-04-07,33.0,34.900001525878906,31.5,33.599998474121094,33.599998474121094,242555,BPL Limited
2015-04-08,34.20000076293945,35.29999923706055,33.45000076293945,33.650001525878906,33.650001525878906,169829,BPL Limited
2015-04-09,33.95000076293945,35.20000076293945,33.20000076293945,34.900001525878906,34.900001525878906,264227,BPL Limited
2015-04-10,34.25,35.650001525878906,34.25,35.0,35.0,164380,BPL Limited
2015-04-13,35.04999923706055,35.400001525878906,34.0,34.650001525878906,34.650001525878906,118031,BPL Limited
2015-04-15,34.849998474121094,36.400001525878906,34.099998474121094,34.54999923706055,34.54999923706055,221192,BPL Limited
2015-04-16,34.54999923706055,35.0,33.349998474121094,33.650001525878906,33.650001525878906,92214,BPL Limited
2015-04-17,33.400001525878906,34.0,32.29999923706055,32.70000076293945,32.70000076293945,106269,BPL Limited
2015-04-20,32.849998474121094,32.849998474121094,31.100000381469727,31.700000762939453,31.700000762939453,57265,BPL Limited
2015-04-21,31.450000762939453,32.099998474121094,31.0,31.299999237060547,31.299999237060547,62752,BPL Limited
2015-04-22,31.25,32.0,28.64999961853028,30.25,30.25,79051,BPL Limited
2015-04-23,31.049999237060547,31.89999961853028,30.299999237060547,30.600000381469727,30.600000381469727,50668,BPL Limited
2015-04-24,30.600000381469727,30.950000762939453,29.100000381469727,29.64999961853028,29.64999961853028,77448,BPL Limited
2015-04-27,29.75,30.25,27.25,27.850000381469727,27.850000381469727,121429,BPL Limited
2015-04-28,27.799999237060547,29.200000762939453,27.25,28.200000762939453,28.200000762939453,105556,BPL Limited
2015-04-29,28.5,29.450000762939453,28.049999237060547,28.89999961853028,28.89999961853028,43781,BPL Limited
2015-04-30,28.850000381469727,29.5,28.200000762939453,28.850000381469727,28.850000381469727,33517,BPL Limited
2015-05-04,29.39999961853028,31.39999961853028,28.89999961853028,30.75,30.75,160540,BPL Limited
2015-05-05,30.89999961853028,30.950000762939453,29.700000762939453,30.049999237060547,30.049999237060547,80374,BPL Limited
2015-05-06,29.950000762939453,31.700000762939453,28.25,29.0,29.0,131850,BPL Limited
2015-05-07,28.700000762939453,29.450000762939453,27.200000762939453,27.39999961853028,27.39999961853028,56168,BPL Limited
2015-05-08,28.100000381469727,29.049999237060547,28.0,28.25,28.25,40369,BPL Limited
2015-05-11,28.049999237060547,29.64999961853028,28.049999237060547,28.89999961853028,28.89999961853028,47109,BPL Limited
2015-05-12,28.850000381469727,28.850000381469727,27.5,27.600000381469727,27.600000381469727,36554,BPL Limited
2015-05-13,27.799999237060547,28.89999961853028,27.799999237060547,28.100000381469727,28.100000381469727,64544,BPL Limited
2015-05-14,28.450000762939453,28.450000762939453,27.5,27.700000762939453,27.700000762939453,25138,BPL Limited
2015-05-15,27.950000762939453,28.799999237060547,27.850000381469727,27.89999961853028,27.89999961853028,52600,BPL Limited
2015-05-18,28.0,28.39999961853028,27.75,28.049999237060547,28.049999237060547,28316,BPL Limited
2015-05-19,28.25,29.350000381469727,27.700000762939453,28.450000762939453,28.450000762939453,56762,BPL Limited
2015-05-20,28.600000381469727,29.39999961853028,27.850000381469727,28.450000762939453,28.450000762939453,63378,BPL Limited
2015-05-21,28.350000381469727,28.89999961853028,28.200000762939453,28.25,28.25,26873,BPL Limited
2015-05-22,28.850000381469727,28.850000381469727,28.0,28.100000381469727,28.100000381469727,26007,BPL Limited
2015-05-25,27.850000381469727,28.89999961853028,27.850000381469727,28.200000762939453,28.200000762939453,37218,BPL Limited
2015-05-26,28.700000762939453,28.75,27.89999961853028,28.049999237060547,28.049999237060547,49484,BPL Limited
2015-05-27,27.89999961853028,29.0,27.600000381469727,27.850000381469727,27.850000381469727,87758,BPL Limited
2015-05-28,28.39999961853028,28.700000762939453,27.549999237060547,27.700000762939453,27.700000762939453,23222,BPL Limited
2015-05-29,28.14999961853028,28.200000762939453,27.450000762939453,27.700000762939453,27.700000762939453,18937,BPL Limited
2015-06-01,28.350000381469727,28.350000381469727,26.799999237060547,26.950000762939453,26.950000762939453,73811,BPL Limited
2015-06-02,26.89999961853028,26.89999961853028,25.600000381469727,25.850000381469727,25.850000381469727,45875,BPL Limited
2015-06-03,25.850000381469727,26.049999237060547,22.600000381469727,23.200000762939453,23.200000762939453,90232,BPL Limited
2015-06-04,25.39999961853028,25.450000762939453,23.0,23.64999961853028,23.64999961853028,125868,BPL Limited
2015-06-05,24.700000762939453,25.5,23.39999961853028,23.850000381469727,23.850000381469727,94924,BPL Limited
2015-06-08,23.549999237060547,23.950000762939453,22.799999237060547,23.100000381469727,23.100000381469727,16530,BPL Limited
2015-06-09,23.450000762939453,23.450000762939453,22.549999237060547,22.75,22.75,31668,BPL Limited
2015-06-10,22.75,24.39999961853028,22.75,23.350000381469727,23.350000381469727,57805,BPL Limited
2015-06-11,23.89999961853028,23.950000762939453,22.700000762939453,22.850000381469727,22.850000381469727,16781,BPL Limited
2015-06-12,22.89999961853028,23.200000762939453,22.25,22.39999961853028,22.39999961853028,20765,BPL Limited
2015-06-15,22.14999961853028,23.200000762939453,22.14999961853028,22.64999961853028,22.64999961853028,14025,BPL Limited
2015-06-16,22.799999237060547,23.200000762939453,22.049999237060547,22.450000762939453,22.450000762939453,20604,BPL Limited
2015-06-17,22.700000762939453,23.700000762939453,22.700000762939453,23.0,23.0,31892,BPL Limited
2015-06-18,23.39999961853028,23.64999961853028,22.89999961853028,23.25,23.25,37668,BPL Limited
2015-06-19,23.0,24.200000762939453,23.0,23.549999237060547,23.549999237060547,71545,BPL Limited
2015-06-22,23.100000381469727,24.39999961853028,23.100000381469727,24.14999961853028,24.14999961853028,42778,BPL Limited
2015-06-23,24.350000381469727,26.350000381469727,23.299999237060547,25.25,25.25,116193,BPL Limited
2015-06-24,25.0,26.950000762939453,24.700000762939453,25.549999237060547,25.549999237060547,103150,BPL Limited
2015-06-25,25.0,26.049999237060547,24.799999237060547,25.049999237060547,25.049999237060547,41286,BPL Limited
2015-06-26,24.950000762939453,25.350000381469727,24.350000381469727,24.700000762939453,24.700000762939453,84375,BPL Limited
2015-06-29,24.700000762939453,24.700000762939453,23.14999961853028,24.200000762939453,24.200000762939453,41436,BPL Limited
2015-06-30,24.14999961853028,24.450000762939453,24.0,24.200000762939453,24.200000762939453,20743,BPL Limited
2015-07-01,24.049999237060547,26.549999237060547,24.049999237060547,25.700000762939453,25.700000762939453,89362,BPL Limited
2015-07-02,27.299999237060547,29.0,27.299999237060547,28.350000381469727,28.350000381469727,598707,BPL Limited
2015-07-03,28.0,28.5,27.14999961853028,27.25,27.25,67427,BPL Limited
2015-07-06,26.89999961853028,31.700000762939453,26.299999237060547,31.049999237060547,31.049999237060547,443605,BPL Limited
2015-07-07,31.799999237060547,31.950000762939453,29.5,30.200000762939453,30.200000762939453,251971,BPL Limited
2015-07-08,30.0,32.400001525878906,29.0,30.600000381469727,30.600000381469727,237900,BPL Limited
2015-07-09,31.200000762939453,32.0,30.5,31.049999237060547,31.049999237060547,106572,BPL Limited
2015-07-10,31.049999237060547,34.75,31.049999237060547,34.04999923706055,34.04999923706055,461976,BPL Limited
2015-07-13,33.5,34.25,32.400001525878906,32.599998474121094,32.599998474121094,153406,BPL Limited
2015-07-14,32.95000076293945,36.25,32.599998474121094,33.5,33.5,437160,BPL Limited
2015-07-15,33.75,34.95000076293945,33.150001525878906,33.54999923706055,33.54999923706055,158890,BPL Limited
2015-07-16,33.70000076293945,35.349998474121094,32.79999923706055,33.45000076293945,33.45000076293945,241989,BPL Limited
2015-07-17,33.25,34.5,33.25,34.099998474121094,34.099998474121094,112747,BPL Limited
2015-07-20,34.29999923706055,38.79999923706055,33.5,37.84999847412109,37.84999847412109,879571,BPL Limited
2015-07-21,37.79999923706055,39.70000076293945,35.5,37.04999923706055,37.04999923706055,698002,BPL Limited
2015-07-22,39.59999847412109,44.45000076293945,39.400001525878906,44.150001525878906,44.150001525878906,4175754,BPL Limited
2015-07-23,44.04999923706055,45.400001525878906,40.20000076293945,43.5,43.5,3287509,BPL Limited
2015-07-24,43.0,44.400001525878906,42.0,42.34999847412109,42.34999847412109,735348,BPL Limited
2015-07-27,41.95000076293945,42.75,40.0,40.29999923706055,40.29999923706055,396863,BPL Limited
2015-07-28,41.0,43.5,40.54999923706055,41.84999847412109,41.84999847412109,752097,BPL Limited
2015-07-29,42.150001525878906,42.900001525878906,41.0,41.29999923706055,41.29999923706055,316042,BPL Limited
2015-07-30,41.5,42.650001525878906,41.20000076293945,41.5,41.5,202955,BPL Limited
2015-07-31,41.95000076293945,42.150001525878906,39.70000076293945,40.09999847412109,40.09999847412109,300090,BPL Limited
2015-08-03,39.79999923706055,41.59999847412109,39.0,40.09999847412109,40.09999847412109,251743,BPL Limited
2015-08-04,40.59999847412109,40.59999847412109,36.84999847412109,39.09999847412109,39.09999847412109,185623,BPL Limited
2015-08-05,39.59999847412109,41.29999923706055,39.0,40.45000076293945,40.45000076293945,406573,BPL Limited
2015-08-06,40.79999923706055,40.79999923706055,38.5,38.75,38.75,182835,BPL Limited
2015-08-07,39.04999923706055,40.45000076293945,37.54999923706055,38.09999847412109,38.09999847412109,253670,BPL Limited
2015-08-10,38.29999923706055,39.25,37.150001525878906,37.70000076293945,37.70000076293945,195078,BPL Limited
2015-08-11,37.70000076293945,37.95000076293945,36.70000076293945,37.79999923706055,37.79999923706055,189519,BPL Limited
2015-08-12,37.29999923706055,37.5,34.599998474121094,35.0,35.0,243341,BPL Limited
2015-08-13,35.599998474121094,36.25,31.64999961853028,32.20000076293945,32.20000076293945,181546,BPL Limited
2015-08-14,32.79999923706055,35.5,32.29999923706055,34.150001525878906,34.150001525878906,200447,BPL Limited
2015-08-17,34.79999923706055,35.79999923706055,33.29999923706055,34.75,34.75,245062,BPL Limited
2015-08-18,34.900001525878906,36.400001525878906,34.400001525878906,35.5,35.5,210561,BPL Limited
2015-08-19,35.849998474121094,38.900001525878906,35.099998474121094,36.59999847412109,36.59999847412109,399634,BPL Limited
2015-08-20,36.75,37.04999923706055,35.0,35.29999923706055,35.29999923706055,136258,BPL Limited
2015-08-21,34.650001525878906,35.70000076293945,33.75,35.0,35.0,152552,BPL Limited
2015-08-24,33.900001525878906,34.0,28.5,29.14999961853028,29.14999961853028,147761,BPL Limited
2015-08-25,29.549999237060547,30.5,25.049999237060547,27.950000762939453,27.950000762939453,188226,BPL Limited
2015-08-26,27.799999237060547,30.39999961853028,26.39999961853028,28.049999237060547,28.049999237060547,151360,BPL Limited
2015-08-27,29.799999237060547,30.39999961853028,28.549999237060547,30.049999237060547,30.049999237060547,122587,BPL Limited
2015-08-28,30.950000762939453,31.700000762939453,29.25,29.5,29.5,200382,BPL Limited
2015-08-31,29.64999961853028,29.950000762939453,28.14999961853028,28.850000381469727,28.850000381469727,106008,BPL Limited
2015-09-01,28.700000762939453,28.799999237060547,27.5,27.700000762939453,27.700000762939453,92989,BPL Limited
2015-09-02,28.100000381469727,28.5,27.299999237060547,27.950000762939453,27.950000762939453,86189,BPL Limited
2015-09-03,28.200000762939453,29.600000381469727,27.299999237060547,29.25,29.25,101119,BPL Limited
2015-09-04,29.450000762939453,29.450000762939453,26.14999961853028,27.25,27.25,139342,BPL Limited
2015-09-07,26.950000762939453,27.89999961853028,26.799999237060547,26.950000762939453,26.950000762939453,49072,BPL Limited
2015-09-08,27.100000381469727,28.25,26.049999237060547,26.850000381469727,26.850000381469727,95044,BPL Limited
2015-09-09,27.950000762939453,28.799999237060547,27.549999237060547,28.39999961853028,28.39999961853028,88123,BPL Limited
2015-09-10,28.0,28.39999961853028,27.0,27.89999961853028,27.89999961853028,51784,BPL Limited
2015-09-11,28.350000381469727,29.39999961853028,27.350000381469727,28.64999961853028,28.64999961853028,110410,BPL Limited
2015-09-14,28.75,29.450000762939453,28.350000381469727,28.549999237060547,28.549999237060547,24750,BPL Limited
2015-09-15,28.75,28.89999961853028,27.600000381469727,27.850000381469727,27.850000381469727,33805,BPL Limited
2015-09-16,28.299999237060547,28.39999961853028,27.5,27.850000381469727,27.850000381469727,44593,BPL Limited
2015-09-18,28.5,30.5,27.64999961853028,29.700000762939453,29.700000762939453,112374,BPL Limited
2015-09-21,30.0,32.0,29.600000381469727,31.75,31.75,224354,BPL Limited
2015-09-22,31.75,32.79999923706055,29.799999237060547,30.25,30.25,145734,BPL Limited
2015-09-23,29.950000762939453,31.0,29.100000381469727,30.64999961853028,30.64999961853028,82938,BPL Limited
2015-09-24,31.0,31.700000762939453,30.299999237060547,30.799999237060547,30.799999237060547,58632,BPL Limited
2015-09-28,31.39999961853028,31.39999961853028,29.25,29.549999237060547,29.549999237060547,92686,BPL Limited
2015-09-29,29.549999237060547,31.5,28.700000762939453,30.799999237060547,30.799999237060547,154762,BPL Limited
2015-09-30,31.450000762939453,32.0,30.799999237060547,31.049999237060547,31.049999237060547,109368,BPL Limited
2015-10-01,31.049999237060547,31.299999237060547,30.100000381469727,30.299999237060547,30.299999237060547,74229,BPL Limited
2015-10-05,30.450000762939453,31.39999961853028,30.200000762939453,30.799999237060547,30.799999237060547,60981,BPL Limited
2015-10-06,31.049999237060547,31.700000762939453,30.850000381469727,31.100000381469727,31.100000381469727,81015,BPL Limited
2015-10-07,31.0,36.900001525878906,30.75,35.95000076293945,35.95000076293945,724552,BPL Limited
2015-10-08,35.849998474121094,36.29999923706055,32.900001525878906,33.54999923706055,33.54999923706055,342453,BPL Limited
2015-10-09,34.0,34.79999923706055,33.5,33.79999923706055,33.79999923706055,107097,BPL Limited
2015-10-12,33.29999923706055,34.20000076293945,32.79999923706055,33.04999923706055,33.04999923706055,73993,BPL Limited
2015-10-13,32.150001525878906,34.0,32.150001525878906,33.70000076293945,33.70000076293945,89485,BPL Limited
2015-10-14,33.650001525878906,36.75,33.099998474121094,36.400001525878906,36.400001525878906,478939,BPL Limited
2015-10-15,37.0,37.900001525878906,36.04999923706055,36.29999923706055,36.29999923706055,767518,BPL Limited
2015-10-16,36.5,36.59999847412109,35.150001525878906,35.900001525878906,35.900001525878906,163467,BPL Limited
2015-10-19,35.900001525878906,36.29999923706055,35.5,35.900001525878906,35.900001525878906,76985,BPL Limited
2015-10-20,36.25,37.0,34.20000076293945,35.29999923706055,35.29999923706055,111602,BPL Limited
2015-10-21,35.400001525878906,36.04999923706055,34.04999923706055,34.349998474121094,34.349998474121094,102625,BPL Limited
2015-10-23,34.5,36.0,34.099998474121094,34.849998474121094,34.849998474121094,122468,BPL Limited
2015-10-26,34.95000076293945,35.29999923706055,34.04999923706055,34.45000076293945,34.45000076293945,55884,BPL Limited
2015-10-27,34.599998474121094,34.599998474121094,33.45000076293945,33.849998474121094,33.849998474121094,46843,BPL Limited
2015-10-28,34.45000076293945,34.5,33.54999923706055,33.79999923706055,33.79999923706055,71287,BPL Limited
2015-10-29,33.95000076293945,34.25,33.29999923706055,33.5,33.5,54244,BPL Limited
2015-10-30,33.849998474121094,33.849998474121094,32.099998474121094,32.25,32.25,88389,BPL Limited
2015-11-02,32.5,32.5,31.39999961853028,31.549999237060547,31.549999237060547,41523,BPL Limited
2015-11-03,31.75,32.95000076293945,31.75,32.29999923706055,32.29999923706055,78112,BPL Limited
2015-11-04,32.849998474121094,35.95000076293945,32.45000076293945,35.5,35.5,423743,BPL Limited
2015-11-05,36.20000076293945,37.79999923706055,34.79999923706055,35.70000076293945,35.70000076293945,1116037,BPL Limited
2015-11-06,35.29999923706055,35.79999923706055,34.099998474121094,34.349998474121094,34.349998474121094,210744,BPL Limited
2015-11-09,34.0,34.900001525878906,30.5,34.20000076293945,34.20000076293945,133563,BPL Limited
2015-11-10,34.04999923706055,37.0,32.29999923706055,33.95000076293945,33.95000076293945,757385,BPL Limited
2015-11-13,34.0,34.20000076293945,33.20000076293945,33.29999923706055,33.29999923706055,92953,BPL Limited
2015-11-16,33.0,35.099998474121094,32.650001525878906,33.79999923706055,33.79999923706055,171011,BPL Limited
2015-11-17,34.0,34.400001525878906,33.04999923706055,33.349998474121094,33.349998474121094,90379,BPL Limited
2015-11-18,33.25,34.0,32.599998474121094,32.70000076293945,32.70000076293945,115664,BPL Limited
2015-11-19,33.20000076293945,35.79999923706055,32.849998474121094,35.25,35.25,309366,BPL Limited
2015-11-20,36.0,36.150001525878906,33.70000076293945,34.349998474121094,34.349998474121094,577927,BPL Limited
2015-11-23,34.400001525878906,35.349998474121094,33.70000076293945,34.0,34.0,119222,BPL Limited
2015-11-24,34.0,34.900001525878906,33.70000076293945,34.0,34.0,92662,BPL Limited
2015-11-26,34.650001525878906,34.650001525878906,33.849998474121094,34.20000076293945,34.20000076293945,116507,BPL Limited
2015-11-27,34.0,36.45000076293945,33.79999923706055,34.95000076293945,34.95000076293945,263739,BPL Limited
2015-11-30,35.0,37.79999923706055,34.75,36.59999847412109,36.59999847412109,576924,BPL Limited
2015-12-01,37.20000076293945,40.70000076293945,37.09999847412109,39.59999847412109,39.59999847412109,1582486,BPL Limited
2015-12-02,40.0,41.70000076293945,39.04999923706055,39.400001525878906,39.400001525878906,700733,BPL Limited
2015-12-03,39.59999847412109,40.70000076293945,39.04999923706055,39.29999923706055,39.29999923706055,277714,BPL Limited
2015-12-04,38.95000076293945,38.95000076293945,37.900001525878906,38.04999923706055,38.04999923706055,173749,BPL Limited
2015-12-07,38.5,39.79999923706055,38.0,38.5,38.5,145504,BPL Limited
2015-12-08,38.400001525878906,38.84999847412109,36.25,36.59999847412109,36.59999847412109,125440,BPL Limited
2015-12-09,36.59999847412109,37.0,33.599998474121094,34.0,34.0,207773,BPL Limited
2015-12-10,34.400001525878906,34.70000076293945,33.79999923706055,34.54999923706055,34.54999923706055,164453,BPL Limited
2015-12-11,35.0,35.70000076293945,34.099998474121094,35.20000076293945,35.20000076293945,162107,BPL Limited
2015-12-14,35.0,38.0,34.5,36.95000076293945,36.95000076293945,262917,BPL Limited
2015-12-15,36.79999923706055,37.900001525878906,36.5,37.25,37.25,96480,BPL Limited
2015-12-16,37.5,38.84999847412109,36.84999847412109,37.150001525878906,37.150001525878906,178741,BPL Limited
2015-12-17,37.09999847412109,37.95000076293945,36.400001525878906,37.09999847412109,37.09999847412109,87619,BPL Limited
2015-12-18,37.0,37.95000076293945,36.54999923706055,37.0,37.0,109735,BPL Limited
2015-12-21,37.34999847412109,38.400001525878906,37.04999923706055,37.95000076293945,37.95000076293945,86430,BPL Limited
2015-12-22,37.84999847412109,39.70000076293945,37.75,38.150001525878906,38.150001525878906,199764,BPL Limited
2015-12-23,38.150001525878906,39.70000076293945,38.04999923706055,38.400001525878906,38.400001525878906,186577,BPL Limited
2015-12-24,38.20000076293945,42.70000076293945,38.20000076293945,41.70000076293945,41.70000076293945,1028800,BPL Limited
2015-12-28,41.75,42.900001525878906,40.400001525878906,40.75,40.75,271806,BPL Limited
2015-12-29,40.95000076293945,41.45000076293945,39.0,39.29999923706055,39.29999923706055,154271,BPL Limited
2015-12-30,39.5,42.0,39.20000076293945,39.900001525878906,39.900001525878906,477886,BPL Limited
2015-12-31,40.0,40.34999847412109,39.0,39.25,39.25,150527,BPL Limited
2016-01-01,39.70000076293945,41.400001525878906,39.29999923706055,40.25,40.25,182697,BPL Limited
2016-01-04,40.45000076293945,40.900001525878906,39.09999847412109,39.45000076293945,39.45000076293945,204603,BPL Limited
2016-01-05,39.900001525878906,41.5,39.29999923706055,40.150001525878906,40.150001525878906,257259,BPL Limited
2016-01-06,40.150001525878906,40.79999923706055,37.70000076293945,38.20000076293945,38.20000076293945,272114,BPL Limited
2016-01-07,38.20000076293945,38.20000076293945,36.5,36.650001525878906,36.650001525878906,160861,BPL Limited
2016-01-08,37.0,39.5,36.79999923706055,38.75,38.75,276191,BPL Limited
2016-01-11,37.95000076293945,38.84999847412109,36.95000076293945,38.20000076293945,38.20000076293945,72510,BPL Limited
2016-01-12,38.900001525878906,38.900001525878906,36.79999923706055,37.150001525878906,37.150001525878906,72600,BPL Limited
2016-01-13,37.75,38.04999923706055,33.599998474121094,35.29999923706055,35.29999923706055,164908,BPL Limited
2016-01-14,34.20000076293945,35.900001525878906,33.0,34.650001525878906,34.650001525878906,109034,BPL Limited
2016-01-15,35.0,35.5,32.79999923706055,33.25,33.25,64210,BPL Limited
2016-01-18,33.5,34.0,29.799999237060547,30.350000381469727,30.350000381469727,122447,BPL Limited
2016-01-19,31.0,31.39999961853028,29.200000762939453,31.049999237060547,31.049999237060547,173228,BPL Limited
2016-01-20,31.350000381469727,33.54999923706055,29.75,30.450000762939453,30.450000762939453,672712,BPL Limited
2016-01-21,31.25,31.850000381469727,30.299999237060547,30.799999237060547,30.799999237060547,111934,BPL Limited
2016-01-22,31.5,32.349998474121094,31.0,32.150001525878906,32.150001525878906,120257,BPL Limited
2016-01-25,32.0,33.900001525878906,32.0,33.45000076293945,33.45000076293945,134282,BPL Limited
2016-01-27,33.70000076293945,34.0,32.0,32.29999923706055,32.29999923706055,91751,BPL Limited
2016-01-28,32.400001525878906,32.400001525878906,31.0,31.600000381469727,31.600000381469727,74151,BPL Limited
2016-01-29,31.200000762939453,32.29999923706055,31.200000762939453,32.099998474121094,32.099998474121094,70924,BPL Limited
2016-02-01,32.0,32.95000076293945,32.0,32.45000076293945,32.45000076293945,60308,BPL Limited
2016-02-02,32.25,32.54999923706055,30.799999237060547,31.049999237060547,31.049999237060547,53282,BPL Limited
2016-02-03,30.850000381469727,30.89999961853028,29.799999237060547,30.100000381469727,30.100000381469727,67005,BPL Limited
2016-02-04,31.299999237060547,31.450000762939453,29.850000381469727,30.14999961853028,30.14999961853028,70918,BPL Limited
2016-02-05,30.14999961853028,30.39999961853028,29.100000381469727,29.950000762939453,29.950000762939453,107908,BPL Limited
2016-02-08,29.700000762939453,30.700000762939453,29.5,30.0,30.0,49554,BPL Limited
2016-02-09,29.700000762939453,29.950000762939453,29.14999961853028,29.700000762939453,29.700000762939453,26168,BPL Limited
2016-02-10,29.89999961853028,29.89999961853028,28.600000381469727,29.200000762939453,29.200000762939453,40298,BPL Limited
2016-02-11,29.350000381469727,29.350000381469727,26.049999237060547,26.600000381469727,26.600000381469727,74227,BPL Limited
2016-02-12,27.0,27.39999961853028,24.799999237060547,26.299999237060547,26.299999237060547,100203,BPL Limited
2016-02-15,25.299999237060547,27.0,25.299999237060547,26.600000381469727,26.600000381469727,158853,BPL Limited
2016-02-16,26.89999961853028,26.89999961853028,24.5,24.64999961853028,24.64999961853028,107374,BPL Limited
2016-02-17,24.299999237060547,25.25,23.100000381469727,24.600000381469727,24.600000381469727,72870,BPL Limited
2016-02-18,24.75,28.299999237060547,24.700000762939453,25.850000381469727,25.850000381469727,159203,BPL Limited
2016-02-19,26.14999961853028,28.200000762939453,25.25,27.850000381469727,27.850000381469727,124250,BPL Limited
2016-02-22,29.299999237060547,30.799999237060547,28.850000381469727,29.100000381469727,29.100000381469727,396579,BPL Limited
2016-02-23,28.850000381469727,29.200000762939453,27.89999961853028,28.200000762939453,28.200000762939453,68004,BPL Limited
2016-02-24,27.89999961853028,28.25,27.14999961853028,27.5,27.5,37656,BPL Limited
2016-02-25,27.600000381469727,28.200000762939453,27.0,27.100000381469727,27.100000381469727,20476,BPL Limited
2016-02-26,27.850000381469727,27.850000381469727,26.64999961853028,26.950000762939453,26.950000762939453,44751,BPL Limited
2016-02-29,27.450000762939453,28.5,26.100000381469727,26.350000381469727,26.350000381469727,94054,BPL Limited
2016-03-01,27.39999961853028,27.89999961853028,26.700000762939453,27.450000762939453,27.450000762939453,46189,BPL Limited
2016-03-02,28.0,28.39999961853028,27.600000381469727,28.100000381469727,28.100000381469727,59116,BPL Limited
2016-03-03,28.0,29.299999237060547,27.950000762939453,29.049999237060547,29.049999237060547,85940,BPL Limited
2016-03-04,28.799999237060547,29.5,28.100000381469727,28.850000381469727,28.850000381469727,44701,BPL Limited
2016-03-08,29.200000762939453,29.89999961853028,28.39999961853028,29.5,29.5,173398,BPL Limited
2016-03-09,29.100000381469727,29.450000762939453,28.850000381469727,29.049999237060547,29.049999237060547,48780,BPL Limited
2016-03-10,29.549999237060547,29.799999237060547,28.700000762939453,29.0,29.0,37492,BPL Limited
2016-03-11,28.799999237060547,29.350000381469727,28.799999237060547,29.049999237060547,29.049999237060547,20473,BPL Limited
2016-03-14,29.549999237060547,29.549999237060547,28.25,28.549999237060547,28.549999237060547,32188,BPL Limited
2016-03-15,28.549999237060547,28.799999237060547,28.14999961853028,28.25,28.25,33239,BPL Limited
2016-03-16,28.100000381469727,28.25,27.14999961853028,27.549999237060547,27.549999237060547,31386,BPL Limited
2016-03-17,27.549999237060547,28.200000762939453,27.25,27.450000762939453,27.450000762939453,15617,BPL Limited
2016-03-18,28.0,28.0,27.100000381469727,27.350000381469727,27.350000381469727,85635,BPL Limited
2016-03-21,27.39999961853028,28.299999237060547,27.39999961853028,27.75,27.75,49580,BPL Limited
2016-03-22,27.799999237060547,27.850000381469727,27.299999237060547,27.5,27.5,43169,BPL Limited
2016-03-23,27.39999961853028,27.700000762939453,27.0,27.350000381469727,27.350000381469727,22389,BPL Limited
2016-03-28,28.25,28.25,25.39999961853028,25.75,25.75,67787,BPL Limited
2016-03-29,25.89999961853028,26.0,24.600000381469727,24.950000762939453,24.950000762939453,74338,BPL Limited
2016-03-30,25.299999237060547,26.600000381469727,24.850000381469727,26.14999961853028,26.14999961853028,48793,BPL Limited
2016-03-31,26.350000381469727,26.350000381469727,25.200000762939453,26.0,26.0,75760,BPL Limited
2016-04-01,26.0,27.299999237060547,25.799999237060547,27.049999237060547,27.049999237060547,54205,BPL Limited
2016-04-04,27.5,28.450000762939453,27.0,27.89999961853028,27.89999961853028,41562,BPL Limited
2016-04-05,28.0,28.0,27.14999961853028,27.350000381469727,27.350000381469727,36694,BPL Limited
2016-04-06,27.39999961853028,28.0,26.5,27.700000762939453,27.700000762939453,37265,BPL Limited
2016-04-07,27.5,28.39999961853028,27.0,27.64999961853028,27.64999961853028,42721,BPL Limited
2016-04-08,27.39999961853028,28.5,27.0,27.799999237060547,27.799999237060547,21422,BPL Limited
2016-04-11,27.799999237060547,27.89999961853028,27.14999961853028,27.549999237060547,27.549999237060547,21789,BPL Limited
2016-04-12,27.39999961853028,27.799999237060547,27.100000381469727,27.549999237060547,27.549999237060547,19059,BPL Limited
2016-04-13,28.39999961853028,29.299999237060547,27.75,28.600000381469727,28.600000381469727,92219,BPL Limited
2016-04-18,29.25,29.25,27.299999237060547,28.299999237060547,28.299999237060547,27147,BPL Limited
2016-04-20,28.14999961853028,29.25,28.14999961853028,28.950000762939453,28.950000762939453,50215,BPL Limited
2016-04-21,28.950000762939453,29.39999961853028,28.299999237060547,28.450000762939453,28.450000762939453,35435,BPL Limited
2016-04-22,28.799999237060547,33.599998474121094,28.0,32.0,32.0,456213,BPL Limited
2016-04-25,31.75,31.799999237060547,29.89999961853028,30.39999961853028,30.39999961853028,112909,BPL Limited
2016-04-26,30.0,30.600000381469727,29.549999237060547,30.14999961853028,30.14999961853028,34680,BPL Limited
2016-04-27,30.5,30.75,29.700000762939453,29.75,29.75,60699,BPL Limited
2016-04-28,29.700000762939453,31.39999961853028,29.700000762939453,29.850000381469727,29.850000381469727,73924,BPL Limited
2016-04-29,30.39999961853028,30.39999961853028,28.700000762939453,29.350000381469727,29.350000381469727,62001,BPL Limited
2016-05-02,29.600000381469727,29.700000762939453,29.049999237060547,29.5,29.5,33960,BPL Limited
2016-05-03,29.0,30.549999237060547,29.0,29.14999961853028,29.14999961853028,37708,BPL Limited
2016-05-04,29.0,29.75,28.0,28.299999237060547,28.299999237060547,24970,BPL Limited
2016-05-05,28.25,29.700000762939453,27.64999961853028,27.89999961853028,27.89999961853028,55915,BPL Limited
2016-05-06,28.0,28.299999237060547,26.799999237060547,27.0,27.0,113320,BPL Limited
2016-05-09,27.600000381469727,28.600000381469727,27.350000381469727,27.600000381469727,27.600000381469727,103724,BPL Limited
2016-05-10,27.600000381469727,28.200000762939453,27.600000381469727,28.100000381469727,28.100000381469727,50870,BPL Limited
2016-05-11,27.89999961853028,28.39999961853028,27.39999961853028,28.100000381469727,28.100000381469727,26755,BPL Limited
2016-05-12,28.5,28.64999961853028,27.700000762939453,27.89999961853028,27.89999961853028,41406,BPL Limited
2016-05-13,28.5,28.5,27.39999961853028,27.5,27.5,22709,BPL Limited
2016-05-16,27.200000762939453,27.700000762939453,27.100000381469727,27.5,27.5,29073,BPL Limited
2016-05-17,27.75,28.39999961853028,27.299999237060547,27.850000381469727,27.850000381469727,34315,BPL Limited
2016-05-18,27.950000762939453,28.299999237060547,27.799999237060547,27.950000762939453,27.950000762939453,20106,BPL Limited
2016-05-19,28.0,28.25,27.5,27.700000762939453,27.700000762939453,24621,BPL Limited
2016-05-20,27.64999961853028,28.0,26.799999237060547,27.049999237060547,27.049999237060547,78777,BPL Limited
2016-05-23,27.049999237060547,27.600000381469727,26.39999961853028,26.75,26.75,22231,BPL Limited
2016-05-24,26.5,29.450000762939453,26.350000381469727,29.14999961853028,29.14999961853028,232790,BPL Limited
2016-05-25,29.950000762939453,30.0,28.25,29.5,29.5,509301,BPL Limited
2016-05-26,29.75,29.75,27.100000381469727,28.25,28.25,166559,BPL Limited
2016-05-27,28.950000762939453,29.700000762939453,28.950000762939453,29.25,29.25,417015,BPL Limited
2016-05-30,30.0,30.600000381469727,28.299999237060547,29.350000381469727,29.350000381469727,211274,BPL Limited
2016-05-31,28.850000381469727,29.64999961853028,28.5,29.0,29.0,99934,BPL Limited
2016-06-01,29.25,29.799999237060547,28.5,28.850000381469727,28.850000381469727,83223,BPL Limited
2016-06-02,28.700000762939453,29.799999237060547,28.299999237060547,28.600000381469727,28.600000381469727,122088,BPL Limited
2016-06-03,28.200000762939453,29.950000762939453,27.89999961853028,29.75,29.75,133970,BPL Limited
2016-06-06,29.600000381469727,30.200000762939453,29.549999237060547,29.89999961853028,29.89999961853028,80641,BPL Limited
2016-06-07,30.39999961853028,30.5,29.5,29.799999237060547,29.799999237060547,31216,BPL Limited
2016-06-08,29.549999237060547,30.100000381469727,28.5,29.549999237060547,29.549999237060547,64087,BPL Limited
2016-06-09,30.5,30.700000762939453,29.14999961853028,29.64999961853028,29.64999961853028,122189,BPL Limited
2016-06-10,29.850000381469727,30.549999237060547,28.950000762939453,29.25,29.25,71747,BPL Limited
2016-06-13,29.299999237060547,29.299999237060547,28.39999961853028,28.75,28.75,38604,BPL Limited
2016-06-14,29.0,29.39999961853028,28.700000762939453,28.89999961853028,28.89999961853028,34348,BPL Limited
2016-06-15,29.14999961853028,29.39999961853028,28.64999961853028,28.799999237060547,28.799999237060547,53795,BPL Limited
2016-06-16,29.14999961853028,29.200000762939453,27.75,28.25,28.25,67383,BPL Limited
2016-06-17,27.950000762939453,29.049999237060547,27.600000381469727,27.89999961853028,27.89999961853028,45841,BPL Limited
2016-06-20,27.89999961853028,28.75,27.89999961853028,28.350000381469727,28.350000381469727,29018,BPL Limited
2016-06-21,28.64999961853028,29.25,28.350000381469727,28.850000381469727,28.850000381469727,53930,BPL Limited
2016-06-22,29.0,31.39999961853028,28.75,29.799999237060547,29.799999237060547,237156,BPL Limited
2016-06-23,31.200000762939453,35.70000076293945,30.950000762939453,34.45000076293945,34.45000076293945,3610767,BPL Limited
2016-06-24,30.950000762939453,34.0,29.75,32.849998474121094,32.849998474121094,1188555,BPL Limited
2016-06-27,33.20000076293945,35.70000076293945,32.29999923706055,35.25,35.25,1094284,BPL Limited
2016-06-28,36.59999847412109,37.150001525878906,35.20000076293945,35.5,35.5,771907,BPL Limited
2016-06-29,35.849998474121094,38.0,35.400001525878906,36.29999923706055,36.29999923706055,383306,BPL Limited
2016-06-30,36.5,37.20000076293945,35.20000076293945,35.70000076293945,35.70000076293945,192258,BPL Limited
2016-07-01,36.400001525878906,36.45000076293945,33.849998474121094,34.099998474121094,34.099998474121094,198240,BPL Limited
2016-07-04,34.5,35.70000076293945,34.0,34.20000076293945,34.20000076293945,134647,BPL Limited
2016-07-05,34.04999923706055,35.349998474121094,33.099998474121094,33.79999923706055,33.79999923706055,190392,BPL Limited
2016-07-07,34.099998474121094,34.45000076293945,32.29999923706055,33.650001525878906,33.650001525878906,118237,BPL Limited
2016-07-08,33.95000076293945,34.5,32.95000076293945,33.29999923706055,33.29999923706055,90788,BPL Limited
2016-07-11,33.29999923706055,37.20000076293945,33.04999923706055,36.34999847412109,36.34999847412109,504094,BPL Limited
2016-07-12,36.79999923706055,42.400001525878906,35.5,41.54999923706055,41.54999923706055,3579496,BPL Limited
2016-07-13,40.79999923706055,41.900001525878906,38.75,40.650001525878906,40.650001525878906,1175898,BPL Limited
2016-07-14,40.650001525878906,40.70000076293945,39.0,39.45000076293945,39.45000076293945,317137,BPL Limited
2016-07-15,39.09999847412109,40.400001525878906,38.79999923706055,39.20000076293945,39.20000076293945,204135,BPL Limited
2016-07-18,39.70000076293945,40.900001525878906,39.0,39.59999847412109,39.59999847412109,414786,BPL Limited
2016-07-19,40.0,40.0,38.45000076293945,38.84999847412109,38.84999847412109,133348,BPL Limited
2016-07-20,38.70000076293945,39.84999847412109,38.400001525878906,38.650001525878906,38.650001525878906,191919,BPL Limited
2016-07-21,38.95000076293945,39.0,36.650001525878906,37.59999847412109,37.59999847412109,173928,BPL Limited
2016-07-22,38.0,38.400001525878906,37.04999923706055,38.09999847412109,38.09999847412109,163175,BPL Limited
2016-07-25,38.70000076293945,40.70000076293945,37.650001525878906,38.70000076293945,38.70000076293945,290982,BPL Limited
2016-07-26,39.59999847412109,39.79999923706055,38.5,38.650001525878906,38.650001525878906,129578,BPL Limited
2016-07-27,38.5,40.400001525878906,38.29999923706055,38.900001525878906,38.900001525878906,96378,BPL Limited
2016-07-28,39.0,39.84999847412109,38.45000076293945,38.54999923706055,38.54999923706055,48707,BPL Limited
2016-07-29,39.0,39.25,38.0,38.150001525878906,38.150001525878906,85256,BPL Limited
2016-08-01,39.0,39.59999847412109,38.150001525878906,38.400001525878906,38.400001525878906,88862,BPL Limited
2016-08-02,40.0,40.34999847412109,38.70000076293945,39.20000076293945,39.20000076293945,380019,BPL Limited
2016-08-03,39.400001525878906,39.400001525878906,37.400001525878906,37.650001525878906,37.650001525878906,137913,BPL Limited
2016-08-04,38.20000076293945,38.59999847412109,36.54999923706055,36.75,36.75,87215,BPL Limited
2016-08-05,37.5,38.5,36.45000076293945,37.84999847412109,37.84999847412109,172041,BPL Limited
2016-08-08,38.09999847412109,38.900001525878906,37.400001525878906,38.29999923706055,38.29999923706055,114495,BPL Limited
2016-08-09,38.400001525878906,38.45000076293945,37.650001525878906,38.04999923706055,38.04999923706055,48372,BPL Limited
2016-08-10,38.34999847412109,38.650001525878906,37.04999923706055,37.29999923706055,37.29999923706055,105839,BPL Limited
2016-08-11,37.84999847412109,39.79999923706055,37.5,38.09999847412109,38.09999847412109,350041,BPL Limited
2016-08-12,38.70000076293945,39.54999923706055,37.0,38.150001525878906,38.150001525878906,196575,BPL Limited
2016-08-16,38.0,38.25,37.0,37.150001525878906,37.150001525878906,62851,BPL Limited
2016-08-17,38.20000076293945,38.20000076293945,37.150001525878906,37.45000076293945,37.45000076293945,43636,BPL Limited
2016-08-18,37.900001525878906,38.20000076293945,36.79999923706055,37.09999847412109,37.09999847412109,75286,BPL Limited
2016-08-19,37.84999847412109,37.84999847412109,36.84999847412109,36.900001525878906,36.900001525878906,63177,BPL Limited
2016-08-22,36.79999923706055,39.5,36.79999923706055,38.34999847412109,38.34999847412109,261183,BPL Limited
2016-08-23,38.95000076293945,39.84999847412109,38.54999923706055,39.150001525878906,39.150001525878906,176907,BPL Limited
2016-08-24,39.400001525878906,39.75,38.70000076293945,39.04999923706055,39.04999923706055,118584,BPL Limited
2016-08-25,39.650001525878906,41.400001525878906,38.59999847412109,40.70000076293945,40.70000076293945,535823,BPL Limited
2016-08-26,41.25,48.79999923706055,41.04999923706055,48.79999923706055,48.79999923706055,4330506,BPL Limited
2016-08-29,49.70000076293945,55.45000076293945,48.09999847412109,52.650001525878906,52.650001525878906,4408580,BPL Limited
2016-08-30,52.79999923706055,56.70000076293945,52.0,54.34999847412109,54.34999847412109,2665292,BPL Limited
2016-08-31,54.75,55.29999923706055,49.29999923706055,50.0,50.0,848318,BPL Limited
2016-09-01,50.59999847412109,51.900001525878906,48.5,49.150001525878906,49.150001525878906,570509,BPL Limited
2016-09-02,49.400001525878906,52.70000076293945,49.29999923706055,51.29999923706055,51.29999923706055,768082,BPL Limited
2016-09-06,52.34999847412109,54.0,51.5,51.900001525878906,51.900001525878906,325574,BPL Limited
2016-09-07,52.70000076293945,53.150001525878906,49.900001525878906,52.150001525878906,52.150001525878906,734220,BPL Limited
2016-09-08,53.150001525878906,54.75,52.79999923706055,53.59999847412109,53.59999847412109,860062,BPL Limited
2016-09-09,53.900001525878906,53.900001525878906,52.0,52.900001525878906,52.900001525878906,244043,BPL Limited
2016-09-12,51.20000076293945,52.20000076293945,49.400001525878906,50.29999923706055,50.29999923706055,312920,BPL Limited
2016-09-14,50.95000076293945,52.0,49.900001525878906,51.5,51.5,281831,BPL Limited
2016-09-15,53.25,61.79999923706055,53.25,61.79999923706055,61.79999923706055,5105993,BPL Limited
2016-09-16,63.95000076293945,68.0,60.45000076293945,61.150001525878906,61.150001525878906,4540100,BPL Limited
2016-09-19,61.75,65.0,61.150001525878906,62.79999923706055,62.79999923706055,1364281,BPL Limited
2016-09-20,63.20000076293945,64.8499984741211,62.59999847412109,63.150001525878906,63.150001525878906,701884,BPL Limited
2016-09-21,63.70000076293945,74.3499984741211,63.5,71.5,71.5,4914484,BPL Limited
2016-09-22,72.5999984741211,80.19999694824219,72.3499984741211,76.9000015258789,76.9000015258789,5043951,BPL Limited
2016-09-23,77.3499984741211,79.6500015258789,73.0,75.94999694824219,75.94999694824219,2186368,BPL Limited
2016-09-26,75.8499984741211,91.0999984741211,74.0,91.0999984741211,91.0999984741211,8200436,BPL Limited
2016-09-27,93.4000015258789,100.1999969482422,92.5999984741211,96.8499984741211,96.8499984741211,8711692,BPL Limited
2016-09-28,96.4000015258789,98.0,94.0,95.3499984741211,95.3499984741211,2942873,BPL Limited
2016-09-29,95.6500015258789,96.3000030517578,85.8499984741211,85.8499984741211,85.8499984741211,1413164,BPL Limited
2016-09-30,80.0999984741211,85.8499984741211,78.25,83.05000305175781,83.05000305175781,2565483,BPL Limited
2016-10-03,85.4000015258789,89.9000015258789,85.0,87.69999694824219,87.69999694824219,2074388,BPL Limited
2016-10-04,88.19999694824219,94.4000015258789,86.1500015258789,92.75,92.75,2835463,BPL Limited
2016-10-05,93.3000030517578,97.3000030517578,92.9000015258789,94.5,94.5,2056076,BPL Limited
2016-10-06,96.9000015258789,98.0,92.5999984741211,94.0999984741211,94.0999984741211,1460454,BPL Limited
2016-10-07,93.0999984741211,94.75,89.30000305175781,90.5500030517578,90.5500030517578,669756,BPL Limited
2016-10-10,90.0,94.3000030517578,90.0,91.3499984741211,91.3499984741211,647598,BPL Limited
2016-10-13,91.0,91.0,84.0,86.0,86.0,669079,BPL Limited
2016-10-14,86.0,90.5999984741211,85.05000305175781,88.55000305175781,88.55000305175781,966953,BPL Limited
2016-10-17,89.0,93.1999969482422,88.0999984741211,90.9499969482422,90.9499969482422,1141662,BPL Limited
2016-10-18,91.4000015258789,93.5,90.25,92.0500030517578,92.0500030517578,797253,BPL Limited
2016-10-19,93.4000015258789,96.0,92.5,93.0999984741211,93.0999984741211,1281457,BPL Limited
2016-10-20,93.0999984741211,93.9499969482422,90.25,90.6999969482422,90.6999969482422,344992,BPL Limited
2016-10-21,91.0,92.4000015258789,88.0999984741211,88.5,88.5,588248,BPL Limited
2016-10-24,89.0999984741211,91.75,88.19999694824219,88.9000015258789,88.9000015258789,579332,BPL Limited
2016-10-25,89.19999694824219,92.5,88.19999694824219,90.4499969482422,90.4499969482422,787778,BPL Limited
2016-10-26,90.4499969482422,91.25,86.69999694824219,87.8499984741211,87.8499984741211,395277,BPL Limited
2016-10-27,89.0,89.9000015258789,85.5999984741211,86.4000015258789,86.4000015258789,360681,BPL Limited
2016-10-28,86.5,87.5,77.80000305175781,77.80000305175781,77.80000305175781,634398,BPL Limited
2016-11-01,71.0,79.30000305175781,70.19999694824219,79.30000305175781,79.30000305175781,1069822,BPL Limited
2016-11-02,81.80000305175781,84.19999694824219,79.05000305175781,79.8499984741211,79.8499984741211,1347772,BPL Limited
2016-11-03,80.0999984741211,83.4000015258789,77.0999984741211,77.75,77.75,526552,BPL Limited
2016-11-04,79.0999984741211,82.3499984741211,74.5999984741211,75.55000305175781,75.55000305175781,960507,BPL Limited
2016-11-07,78.0,79.4000015258789,74.55000305175781,75.3499984741211,75.3499984741211,404070,BPL Limited
2016-11-08,76.0,77.30000305175781,72.80000305175781,73.55000305175781,73.55000305175781,308491,BPL Limited
2016-11-09,60.5,73.80000305175781,58.84999847412109,71.30000305175781,71.30000305175781,954340,BPL Limited
2016-11-10,72.9000015258789,77.6500015258789,72.0,72.80000305175781,72.80000305175781,388254,BPL Limited
2016-11-11,71.5,71.5,67.5,68.25,68.25,292040,BPL Limited
2016-11-15,68.8499984741211,69.05000305175781,59.20000076293945,60.29999923706055,60.29999923706055,387671,BPL Limited
2016-11-16,62.5,65.55000305175781,59.5,60.20000076293945,60.20000076293945,333367,BPL Limited
2016-11-17,59.650001525878906,61.59999847412109,52.20000076293945,55.150001525878906,55.150001525878906,748588,BPL Limited
2016-11-18,55.25,59.400001525878906,55.20000076293945,56.79999923706055,56.79999923706055,488847,BPL Limited
2016-11-21,57.400001525878906,57.650001525878906,52.20000076293945,52.650001525878906,52.650001525878906,280492,BPL Limited
2016-11-22,53.54999923706055,55.29999923706055,48.20000076293945,54.5,54.5,518097,BPL Limited
2016-11-23,55.0,63.59999847412109,53.400001525878906,61.400001525878906,61.400001525878906,1393638,BPL Limited
2016-11-24,61.0,70.9000015258789,59.0,68.5,68.5,2045013,BPL Limited
2016-11-25,68.5,74.0,68.1500015258789,70.4000015258789,70.4000015258789,1259563,BPL Limited
2016-11-28,70.19999694824219,73.5999984741211,69.4000015258789,70.55000305175781,70.55000305175781,597736,BPL Limited
2016-11-29,71.19999694824219,75.25,70.9000015258789,72.19999694824219,72.19999694824219,1099803,BPL Limited
2016-11-30,73.0,74.44999694824219,70.80000305175781,71.6500015258789,71.6500015258789,436468,BPL Limited
2016-12-01,72.0,73.9000015258789,69.5,70.75,70.75,423617,BPL Limited
2016-12-02,68.80000305175781,70.80000305175781,66.0,66.69999694824219,66.69999694824219,291666,BPL Limited
2016-12-05,67.3499984741211,71.0,66.5999984741211,69.9000015258789,69.9000015258789,501591,BPL Limited
2016-12-06,70.0,72.5999984741211,70.0,72.05000305175781,72.05000305175781,502152,BPL Limited
2016-12-07,75.3499984741211,76.9000015258789,72.5,73.4000015258789,73.4000015258789,1427387,BPL Limited
2016-12-08,73.5999984741211,75.80000305175781,73.5999984741211,74.0,74.0,472979,BPL Limited
2016-12-09,74.19999694824219,75.69999694824219,72.05000305175781,72.8499984741211,72.8499984741211,391216,BPL Limited
2016-12-12,72.6500015258789,73.1500015258789,69.5,70.05000305175781,70.05000305175781,291210,BPL Limited
2016-12-13,69.3499984741211,72.4000015258789,69.0999984741211,70.94999694824219,70.94999694824219,350003,BPL Limited
2016-12-14,71.0,71.75,68.5,68.75,68.75,243869,BPL Limited
2016-12-15,66.75,70.9000015258789,66.75,67.80000305175781,67.80000305175781,339734,BPL Limited
2016-12-16,68.0999984741211,69.80000305175781,67.0,67.30000305175781,67.30000305175781,330733,BPL Limited
2016-12-19,66.5,68.5999984741211,66.25,66.5999984741211,66.5999984741211,184999,BPL Limited
2016-12-20,71.4000015258789,72.5,68.0999984741211,68.55000305175781,68.55000305175781,1130492,BPL Limited
2016-12-21,68.80000305175781,69.55000305175781,66.9000015258789,67.9000015258789,67.9000015258789,303371,BPL Limited
2016-12-22,67.69999694824219,68.0,65.25,65.69999694824219,65.69999694824219,194731,BPL Limited
2016-12-23,65.0,66.05000305175781,61.29999923706055,62.29999923706055,62.29999923706055,566998,BPL Limited
2016-12-26,62.0,62.150001525878906,59.25,59.70000076293945,59.70000076293945,227515,BPL Limited
2016-12-27,59.09999847412109,61.79999923706055,58.09999847412109,61.25,61.25,349447,BPL Limited
2016-12-28,61.75,64.1500015258789,60.84999847412109,61.04999923706055,61.04999923706055,656638,BPL Limited
2016-12-29,61.650001525878906,65.0,60.900001525878906,62.84999847412109,62.84999847412109,569338,BPL Limited
2016-12-30,63.75,64.5,62.59999847412109,62.95000076293945,62.95000076293945,164903,BPL Limited
2017-01-02,63.45000076293945,64.0999984741211,62.59999847412109,63.75,63.75,178358,BPL Limited
2017-01-03,64.30000305175781,68.75,63.900001525878906,67.9000015258789,67.9000015258789,999877,BPL Limited
2017-01-04,68.44999694824219,70.3499984741211,67.5,68.6500015258789,68.6500015258789,776084,BPL Limited
2017-01-05,69.0,70.44999694824219,68.6500015258789,69.19999694824219,69.19999694824219,416451,BPL Limited
2017-01-06,69.75,69.80000305175781,66.55000305175781,67.1500015258789,67.1500015258789,224548,BPL Limited
2017-01-09,67.5,68.0,66.0999984741211,66.69999694824219,66.69999694824219,218812,BPL Limited
2017-01-10,67.1500015258789,69.69999694824219,67.0999984741211,67.80000305175781,67.80000305175781,335469,BPL Limited
2017-01-11,68.0999984741211,69.5,67.0999984741211,67.5,67.5,272817,BPL Limited
2017-01-12,68.4000015258789,73.4000015258789,68.4000015258789,71.0999984741211,71.0999984741211,2095903,BPL Limited
2017-01-13,71.75,72.4000015258789,70.25,70.55000305175781,70.55000305175781,457035,BPL Limited
2017-01-16,70.3499984741211,70.3499984741211,68.19999694824219,68.5,68.5,193852,BPL Limited
2017-01-17,69.0999984741211,73.80000305175781,69.0,73.05000305175781,73.05000305175781,1094145,BPL Limited
2017-01-18,73.4000015258789,75.80000305175781,72.1500015258789,72.4000015258789,72.4000015258789,1097114,BPL Limited
2017-01-19,71.69999694824219,74.19999694824219,71.69999694824219,72.05000305175781,72.05000305175781,463195,BPL Limited
2017-01-20,71.9000015258789,72.6500015258789,67.9000015258789,68.4000015258789,68.4000015258789,244253,BPL Limited
2017-01-23,69.0,70.94999694824219,68.75,69.30000305175781,69.30000305175781,203385,BPL Limited
2017-01-24,69.9000015258789,71.25,69.25,69.55000305175781,69.55000305175781,214159,BPL Limited
2017-01-25,70.0,71.69999694824219,69.5,70.55000305175781,70.55000305175781,345074,BPL Limited
2017-01-27,70.94999694824219,71.3499984741211,68.5,69.3499984741211,69.3499984741211,236842,BPL Limited
2017-01-30,69.19999694824219,71.0,68.75,69.19999694824219,69.19999694824219,275604,BPL Limited
2017-01-31,69.19999694824219,69.69999694824219,67.75,68.30000305175781,68.30000305175781,203457,BPL Limited
2017-02-01,65.0,67.94999694824219,63.95000076293945,67.0,67.0,577436,BPL Limited
2017-02-02,67.0,68.3499984741211,66.0,66.19999694824219,66.19999694824219,186566,BPL Limited
2017-02-03,66.0,67.80000305175781,65.0,65.9000015258789,65.9000015258789,205647,BPL Limited
2017-02-06,66.4000015258789,68.44999694824219,65.44999694824219,67.75,67.75,350652,BPL Limited
2017-02-07,67.30000305175781,68.75,66.5,67.05000305175781,67.05000305175781,371745,BPL Limited
2017-02-08,67.4000015258789,67.69999694824219,65.6500015258789,66.0999984741211,66.0999984741211,159056,BPL Limited
2017-02-09,66.44999694824219,66.94999694824219,64.5,65.30000305175781,65.30000305175781,154266,BPL Limited
2017-02-10,65.5,67.30000305175781,64.80000305175781,65.19999694824219,65.19999694824219,231510,BPL Limited
2017-02-13,65.80000305175781,65.94999694824219,63.5,63.84999847412109,63.84999847412109,130846,BPL Limited
2017-02-14,63.59999847412109,64.69999694824219,61.150001525878906,61.70000076293945,61.70000076293945,207509,BPL Limited
2017-02-15,62.20000076293945,62.34999847412109,57.0,59.25,59.25,231605,BPL Limited
2017-02-16,59.400001525878906,61.79999923706055,59.400001525878906,61.150001525878906,61.150001525878906,249652,BPL Limited
2017-02-17,61.70000076293945,63.45000076293945,61.54999923706055,62.59999847412109,62.59999847412109,195860,BPL Limited
2017-02-20,63.29999923706055,66.0,62.900001525878906,64.30000305175781,64.30000305175781,228644,BPL Limited
2017-02-21,64.80000305175781,64.9000015258789,63.20000076293945,63.75,63.75,252266,BPL Limited
2017-02-22,64.19999694824219,64.19999694824219,62.25,62.59999847412109,62.59999847412109,189986,BPL Limited
2017-02-23,62.70000076293945,64.6500015258789,62.150001525878906,62.650001525878906,62.650001525878906,272712,BPL Limited
2017-02-27,63.70000076293945,64.69999694824219,62.84999847412109,63.29999923706055,63.29999923706055,354614,BPL Limited
2017-02-28,63.59999847412109,64.69999694824219,63.0,63.29999923706055,63.29999923706055,265845,BPL Limited
2017-03-01,63.70000076293945,65.94999694824219,63.25,64.94999694824219,64.94999694824219,464305,BPL Limited
2017-03-02,65.4000015258789,67.94999694824219,64.0999984741211,64.5999984741211,64.5999984741211,743773,BPL Limited
2017-03-03,64.30000305175781,65.4000015258789,63.54999923706055,64.3499984741211,64.3499984741211,239717,BPL Limited
2017-03-06,64.4000015258789,66.80000305175781,64.1500015258789,65.3499984741211,65.3499984741211,464014,BPL Limited
2017-03-07,65.5999984741211,65.5999984741211,63.25,63.54999923706055,63.54999923706055,224697,BPL Limited
2017-03-08,63.84999847412109,63.95000076293945,62.09999847412109,62.29999923706055,62.29999923706055,265500,BPL Limited
2017-03-09,62.34999847412109,62.79999923706055,60.84999847412109,61.20000076293945,61.20000076293945,218583,BPL Limited
2017-03-10,61.45000076293945,62.25,60.5,60.900001525878906,60.900001525878906,239948,BPL Limited
2017-03-14,62.79999923706055,62.79999923706055,61.0,61.25,61.25,223414,BPL Limited
2017-03-15,61.400001525878906,62.34999847412109,60.54999923706055,60.900001525878906,60.900001525878906,280499,BPL Limited
2017-03-16,61.54999923706055,64.0,61.09999847412109,63.59999847412109,63.59999847412109,543261,BPL Limited
2017-03-17,64.0,65.9000015258789,62.400001525878906,64.30000305175781,64.30000305175781,591113,BPL Limited
2017-03-20,64.5,66.69999694824219,64.1500015258789,65.44999694824219,65.44999694824219,450075,BPL Limited
2017-03-21,65.5,66.4000015258789,63.34999847412109,64.25,64.25,319535,BPL Limited
2017-03-22,63.59999847412109,64.94999694824219,62.54999923706055,63.79999923706055,63.79999923706055,491850,BPL Limited
2017-03-23,64.3499984741211,65.30000305175781,62.34999847412109,63.95000076293945,63.95000076293945,261205,BPL Limited
2017-03-24,64.0,65.4000015258789,63.34999847412109,63.650001525878906,63.650001525878906,242661,BPL Limited
2017-03-27,65.0999984741211,74.4000015258789,65.0999984741211,73.3499984741211,73.3499984741211,4641350,BPL Limited
2017-03-28,73.9000015258789,77.4000015258789,73.55000305175781,74.5999984741211,74.5999984741211,1636170,BPL Limited
2017-03-29,74.55000305175781,74.5999984741211,70.19999694824219,70.75,70.75,661910,BPL Limited
2017-03-30,71.30000305175781,76.4000015258789,70.75,73.75,73.75,1138677,BPL Limited
2017-03-31,73.94999694824219,75.25,72.69999694824219,73.4000015258789,73.4000015258789,498893,BPL Limited
2017-04-03,72.30000305175781,75.44999694824219,72.30000305175781,73.75,73.75,413347,BPL Limited
2017-04-05,74.0999984741211,75.4000015258789,73.0,73.80000305175781,73.80000305175781,475032,BPL Limited
2017-04-06,74.0999984741211,80.44999694824219,74.0999984741211,79.55000305175781,79.55000305175781,2274111,BPL Limited
2017-04-07,83.0,89.30000305175781,82.75,84.55000305175781,84.55000305175781,4945935,BPL Limited
2017-04-10,84.44999694824219,85.44999694824219,82.30000305175781,83.0,83.0,705113,BPL Limited
2017-04-11,83.05000305175781,85.4000015258789,82.0,82.6500015258789,82.6500015258789,545595,BPL Limited
2017-04-12,83.1500015258789,83.44999694824219,79.0,81.3499984741211,81.3499984741211,572867,BPL Limited
2017-04-13,81.05000305175781,84.9000015258789,80.94999694824219,81.3499984741211,81.3499984741211,703696,BPL Limited
2017-04-17,81.75,82.0999984741211,79.5,79.94999694824219,79.94999694824219,378816,BPL Limited
2017-04-18,80.19999694824219,82.69999694824219,77.0,77.25,77.25,448261,BPL Limited
2017-04-19,77.30000305175781,79.19999694824219,77.1500015258789,77.5999984741211,77.5999984741211,334835,BPL Limited
2017-04-20,77.5,79.44999694824219,77.5,78.0999984741211,78.0999984741211,228402,BPL Limited
2017-04-21,78.6500015258789,81.0,76.9000015258789,77.44999694824219,77.44999694824219,435760,BPL Limited
2017-04-24,77.9000015258789,79.69999694824219,77.30000305175781,77.5999984741211,77.5999984741211,460948,BPL Limited
2017-04-25,78.0,80.75,77.75,79.0,79.0,863781,BPL Limited
2017-04-26,79.5,80.75,75.5999984741211,76.8499984741211,76.8499984741211,456253,BPL Limited
2017-04-27,77.30000305175781,77.5999984741211,75.0999984741211,75.30000305175781,75.30000305175781,288904,BPL Limited
2017-04-28,75.80000305175781,75.94999694824219,73.80000305175781,74.0,74.0,294837,BPL Limited
2017-05-02,74.5999984741211,74.5999984741211,72.0999984741211,72.44999694824219,72.44999694824219,247913,BPL Limited
2017-05-03,72.44999694824219,77.0,72.44999694824219,76.0999984741211,76.0999984741211,822274,BPL Limited
2017-05-04,78.19999694824219,82.5,77.69999694824219,81.30000305175781,81.30000305175781,2158915,BPL Limited
2017-05-05,81.80000305175781,82.44999694824219,78.19999694824219,78.80000305175781,78.80000305175781,647295,BPL Limited
2017-05-08,79.19999694824219,80.9000015258789,78.55000305175781,79.0999984741211,79.0999984741211,340938,BPL Limited
2017-05-09,79.69999694824219,81.3499984741211,78.5,79.5999984741211,79.5999984741211,429133,BPL Limited
2017-05-10,80.1500015258789,81.5,79.44999694824219,79.6500015258789,79.6500015258789,364927,BPL Limited
2017-05-11,80.05000305175781,80.19999694824219,76.5999984741211,77.80000305175781,77.80000305175781,217951,BPL Limited
2017-05-12,78.19999694824219,78.5,75.80000305175781,76.25,76.25,279258,BPL Limited
2017-05-15,76.44999694824219,76.8499984741211,66.0999984741211,72.94999694824219,72.94999694824219,528998,BPL Limited
2017-05-16,73.30000305175781,75.4000015258789,73.30000305175781,74.44999694824219,74.44999694824219,233817,BPL Limited
2017-05-17,74.69999694824219,84.44999694824219,73.05000305175781,82.75,82.75,3320066,BPL Limited
2017-05-18,81.44999694824219,85.0999984741211,77.4000015258789,78.75,78.75,1728426,BPL Limited
2017-05-19,79.4000015258789,81.44999694824219,76.0999984741211,76.94999694824219,76.94999694824219,609659,BPL Limited
2017-05-22,77.4000015258789,80.19999694824219,70.30000305175781,71.80000305175781,71.80000305175781,811077,BPL Limited
2017-05-23,72.4000015258789,73.44999694824219,68.3499984741211,70.69999694824219,70.69999694824219,447694,BPL Limited
2017-05-24,71.6500015258789,73.19999694824219,68.1500015258789,69.0999984741211,69.0999984741211,411498,BPL Limited
2017-05-25,69.19999694824219,71.44999694824219,68.25,70.8499984741211,70.8499984741211,300181,BPL Limited
2017-05-26,71.44999694824219,75.3499984741211,71.0999984741211,73.9000015258789,73.9000015258789,617776,BPL Limited
2017-05-29,74.0,74.0,70.5,71.0,71.0,241903,BPL Limited
2017-05-30,71.0,71.4000015258789,68.5,70.0,70.0,216055,BPL Limited
2017-05-31,70.80000305175781,72.8499984741211,70.0,71.19999694824219,71.19999694824219,317562,BPL Limited
2017-06-01,71.4000015258789,71.80000305175781,68.19999694824219,69.69999694824219,69.69999694824219,624493,BPL Limited
2017-06-02,72.5,75.8499984741211,72.5,73.44999694824219,73.44999694824219,1110265,BPL Limited
2017-06-05,73.5,76.69999694824219,71.30000305175781,76.05000305175781,76.05000305175781,656334,BPL Limited
2017-06-06,76.55000305175781,76.55000305175781,72.5999984741211,75.0,75.0,362821,BPL Limited
2017-06-07,76.0999984741211,77.5,75.25,76.80000305175781,76.80000305175781,425162,BPL Limited
2017-06-08,77.1500015258789,77.19999694824219,74.5999984741211,76.0,76.0,261302,BPL Limited
2017-06-09,75.75,76.80000305175781,74.8499984741211,75.4000015258789,75.4000015258789,279602,BPL Limited
2017-06-12,75.0,75.69999694824219,73.0,73.4000015258789,73.4000015258789,192949,BPL Limited
2017-06-13,73.9000015258789,75.1500015258789,72.75,73.19999694824219,73.19999694824219,194129,BPL Limited
2017-06-14,73.4000015258789,73.94999694824219,72.1500015258789,72.75,72.75,141184,BPL Limited
2017-06-15,72.0999984741211,73.69999694824219,70.5,70.94999694824219,70.94999694824219,251221,BPL Limited
2017-06-16,71.0,72.80000305175781,71.0,71.9000015258789,71.9000015258789,250396,BPL Limited
2017-06-19,73.55000305175781,76.19999694824219,73.0,75.19999694824219,75.19999694824219,780050,BPL Limited
2017-06-20,75.0,75.25,72.30000305175781,72.75,72.75,230248,BPL Limited
2017-06-21,72.05000305175781,74.9000015258789,71.5999984741211,73.30000305175781,73.30000305175781,278151,BPL Limited
2017-06-22,73.0999984741211,74.30000305175781,70.44999694824219,70.94999694824219,70.94999694824219,295361,BPL Limited
2017-06-23,71.0999984741211,71.5999984741211,67.9000015258789,68.4000015258789,68.4000015258789,412524,BPL Limited
2017-06-27,68.55000305175781,69.3499984741211,66.5,66.8499984741211,66.8499984741211,224360,BPL Limited
2017-06-28,66.75,67.30000305175781,65.0,65.5999984741211,65.5999984741211,290619,BPL Limited
2017-06-29,66.0,69.3499984741211,66.0,67.9000015258789,67.9000015258789,287348,BPL Limited
2017-06-30,67.30000305175781,67.69999694824219,66.25,66.9000015258789,66.9000015258789,173350,BPL Limited
2017-07-03,67.0,73.8499984741211,66.9000015258789,72.6500015258789,72.6500015258789,698255,BPL Limited
2017-07-04,74.0,74.5999984741211,70.1500015258789,71.1500015258789,71.1500015258789,805978,BPL Limited
2017-07-05,71.3499984741211,73.0999984741211,71.0,71.9000015258789,71.9000015258789,243304,BPL Limited
2017-07-06,72.1500015258789,73.25,70.80000305175781,71.25,71.25,278095,BPL Limited
2017-07-07,71.0,72.9000015258789,70.30000305175781,70.94999694824219,70.94999694824219,218247,BPL Limited
2017-07-10,71.44999694824219,71.6500015258789,70.75,71.19999694824219,71.19999694824219,21306,BPL Limited
2017-07-11,73.19999694824219,73.9000015258789,70.19999694824219,70.80000305175781,70.80000305175781,378085,BPL Limited
2017-07-12,71.30000305175781,73.3499984741211,70.3499984741211,71.3499984741211,71.3499984741211,326025,BPL Limited
2017-07-13,72.0,73.19999694824219,70.5,71.25,71.25,237262,BPL Limited
2017-07-14,71.8499984741211,71.8499984741211,69.0,69.25,69.25,207970,BPL Limited
2017-07-17,69.69999694824219,72.75,69.05000305175781,70.80000305175781,70.80000305175781,592967,BPL Limited
2017-07-18,70.19999694824219,70.94999694824219,69.30000305175781,69.55000305175781,69.55000305175781,136214,BPL Limited
2017-07-19,70.05000305175781,72.19999694824219,69.94999694824219,70.19999694824219,70.19999694824219,242091,BPL Limited
2017-07-20,71.4000015258789,72.9000015258789,70.19999694824219,70.9000015258789,70.9000015258789,392999,BPL Limited
2017-07-21,71.44999694824219,71.5,69.0,69.44999694824219,69.44999694824219,277868,BPL Limited
2017-07-24,69.69999694824219,71.0999984741211,68.6500015258789,69.19999694824219,69.19999694824219,170123,BPL Limited
2017-07-25,69.75,70.5,68.5,69.1500015258789,69.1500015258789,279254,BPL Limited
2017-07-26,69.1500015258789,70.5,68.5999984741211,68.8499984741211,68.8499984741211,152035,BPL Limited
2017-07-27,69.19999694824219,69.75,66.05000305175781,66.4000015258789,66.4000015258789,255078,BPL Limited
2017-07-28,65.69999694824219,67.4000015258789,65.5,66.75,66.75,131397,BPL Limited
2017-07-31,67.4000015258789,68.55000305175781,66.8499984741211,67.1500015258789,67.1500015258789,170724,BPL Limited
2017-08-01,67.4000015258789,67.5,65.1500015258789,65.44999694824219,65.44999694824219,107292,BPL Limited
2017-08-02,66.0999984741211,69.0999984741211,66.0999984741211,67.5,67.5,703243,BPL Limited
2017-08-03,67.8499984741211,68.55000305175781,66.4000015258789,66.69999694824219,66.69999694824219,143735,BPL Limited
2017-08-04,66.80000305175781,67.05000305175781,65.5,65.9000015258789,65.9000015258789,95198,BPL Limited
2017-08-07,65.5,66.80000305175781,65.5,65.75,65.75,84326,BPL Limited
2017-08-08,66.0,66.44999694824219,63.25,63.79999923706055,63.79999923706055,162408,BPL Limited
2017-08-09,63.5,63.5,60.34999847412109,60.70000076293945,60.70000076293945,199434,BPL Limited
2017-08-10,60.54999923706055,60.54999923706055,55.59999847412109,57.09999847412109,57.09999847412109,214220,BPL Limited
2017-08-11,57.5,57.5,53.59999847412109,55.400001525878906,55.400001525878906,150885,BPL Limited
2017-08-14,56.0,58.34999847412109,55.79999923706055,56.900001525878906,56.900001525878906,128014,BPL Limited
2017-08-16,57.59999847412109,60.29999923706055,57.04999923706055,59.59999847412109,59.59999847412109,167830,BPL Limited
2017-08-17,62.5,63.5,61.5,62.150001525878906,62.150001525878906,301475,BPL Limited
2017-08-18,62.0,62.0,59.95000076293945,60.45000076293945,60.45000076293945,125119,BPL Limited
2017-08-21,61.0,61.59999847412109,57.84999847412109,58.34999847412109,58.34999847412109,90422,BPL Limited
2017-08-22,60.09999847412109,62.0,58.84999847412109,59.79999923706055,59.79999923706055,320439,BPL Limited
2017-08-23,60.29999923706055,62.900001525878906,59.75,62.09999847412109,62.09999847412109,135416,BPL Limited
2017-08-24,62.5,62.900001525878906,60.75,61.29999923706055,61.29999923706055,101366,BPL Limited
2017-08-28,61.45000076293945,66.5,61.45000076293945,64.44999694824219,64.44999694824219,738843,BPL Limited
2017-08-29,64.9000015258789,66.0,63.59999847412109,64.4000015258789,64.4000015258789,408139,BPL Limited
2017-08-30,64.9000015258789,65.9000015258789,64.0999984741211,64.3499984741211,64.3499984741211,162626,BPL Limited
2017-08-31,64.55000305175781,67.5,64.4000015258789,66.94999694824219,66.94999694824219,477144,BPL Limited
2017-09-01,67.44999694824219,67.8499984741211,66.0,66.6500015258789,66.6500015258789,207197,BPL Limited
2017-09-04,66.4000015258789,66.5,64.0999984741211,64.30000305175781,64.30000305175781,115259,BPL Limited
2017-09-05,64.5999984741211,65.75,62.29999923706055,63.29999923706055,63.29999923706055,128235,BPL Limited
2017-09-06,64.4000015258789,69.4000015258789,64.4000015258789,68.25,68.25,846258,BPL Limited
2017-09-07,68.19999694824219,69.30000305175781,66.80000305175781,67.0,67.0,270643,BPL Limited
2017-09-08,67.05000305175781,71.0,66.5,67.6500015258789,67.6500015258789,475089,BPL Limited
2017-09-11,70.0,76.0,69.1500015258789,73.44999694824219,73.44999694824219,2916134,BPL Limited
2017-09-12,73.8499984741211,73.8499984741211,71.05000305175781,71.44999694824219,71.44999694824219,466808,BPL Limited
2017-09-13,71.69999694824219,72.5,69.4000015258789,69.80000305175781,69.80000305175781,311763,BPL Limited
2017-09-14,71.9000015258789,74.69999694824219,70.55000305175781,73.80000305175781,73.80000305175781,919250,BPL Limited
2017-09-15,72.05000305175781,75.4000015258789,71.9000015258789,72.4000015258789,72.4000015258789,568247,BPL Limited
2017-09-18,72.8499984741211,76.4000015258789,70.94999694824219,71.8499984741211,71.8499984741211,781688,BPL Limited
2017-09-19,73.69999694824219,77.3499984741211,72.4000015258789,73.0999984741211,73.0999984741211,1182924,BPL Limited
2017-09-20,74.0,74.80000305175781,71.80000305175781,72.30000305175781,72.30000305175781,286030,BPL Limited
2017-09-21,73.0999984741211,73.6500015258789,70.80000305175781,71.8499984741211,71.8499984741211,306103,BPL Limited
2017-09-22,71.5,71.69999694824219,66.5999984741211,67.44999694824219,67.44999694824219,309502,BPL Limited
2017-09-25,67.5999984741211,67.8499984741211,63.5,65.1500015258789,65.1500015258789,226810,BPL Limited
2017-09-26,65.55000305175781,66.94999694824219,63.09999847412109,65.4000015258789,65.4000015258789,186357,BPL Limited
2017-09-27,65.9000015258789,67.9000015258789,64.19999694824219,64.80000305175781,64.80000305175781,164601,BPL Limited
2017-09-28,64.5,66.6500015258789,63.84999847412109,65.94999694824219,65.94999694824219,108586,BPL Limited
2017-09-29,66.44999694824219,68.4000015258789,66.0,66.1500015258789,66.1500015258789,280704,BPL Limited
2017-10-03,66.75,68.19999694824219,66.25,66.44999694824219,66.44999694824219,249813,BPL Limited
2017-10-04,66.80000305175781,67.9000015258789,66.0999984741211,66.5,66.5,131172,BPL Limited
2017-10-05,66.55000305175781,72.0999984741211,66.5,68.69999694824219,68.69999694824219,940301,BPL Limited
2017-10-06,69.0,75.1500015258789,68.5999984741211,73.19999694824219,73.19999694824219,1041939,BPL Limited
2017-10-09,71.94999694824219,72.75,70.4000015258789,72.0,72.0,458830,BPL Limited
2017-10-10,72.4000015258789,73.4000015258789,70.8499984741211,71.1500015258789,71.1500015258789,315985,BPL Limited
2017-10-11,71.19999694824219,72.5,66.69999694824219,67.8499984741211,67.8499984741211,342661,BPL Limited
2017-10-12,68.25,69.30000305175781,67.0999984741211,68.1500015258789,68.1500015258789,206910,BPL Limited
2017-10-13,68.30000305175781,70.19999694824219,67.3499984741211,67.9000015258789,67.9000015258789,180684,BPL Limited
2017-10-16,68.25,69.4000015258789,66.5,68.0,68.0,166608,BPL Limited
2017-10-17,67.9000015258789,70.25,67.19999694824219,68.19999694824219,68.19999694824219,282844,BPL Limited
2017-10-18,68.0,69.44999694824219,67.5999984741211,67.9000015258789,67.9000015258789,190130,BPL Limited
2017-10-19,67.75,68.0,67.0,67.4000015258789,67.4000015258789,44890,BPL Limited
2017-10-23,67.5,67.8499984741211,65.5,65.94999694824219,65.94999694824219,149702,BPL Limited
2017-10-24,65.30000305175781,68.0,65.30000305175781,65.69999694824219,65.69999694824219,182254,BPL Limited
2017-10-25,66.3499984741211,66.9000015258789,65.0999984741211,65.3499984741211,65.3499984741211,167463,BPL Limited
2017-10-26,65.3499984741211,67.05000305175781,65.19999694824219,65.5,65.5,195442,BPL Limited
2017-10-27,65.69999694824219,67.55000305175781,65.3499984741211,65.94999694824219,65.94999694824219,203913,BPL Limited
2017-10-30,65.55000305175781,67.80000305175781,65.55000305175781,66.6500015258789,66.6500015258789,275248,BPL Limited
2017-10-31,66.9000015258789,68.0,65.4000015258789,66.05000305175781,66.05000305175781,267041,BPL Limited
2017-11-01,66.30000305175781,69.80000305175781,66.30000305175781,68.0999984741211,68.0999984741211,648104,BPL Limited
2017-11-02,69.30000305175781,70.30000305175781,68.30000305175781,69.1500015258789,69.1500015258789,507217,BPL Limited
2017-11-03,69.19999694824219,71.25,68.19999694824219,68.75,68.75,404954,BPL Limited
2017-11-06,68.4000015258789,69.19999694824219,67.3499984741211,67.69999694824219,67.69999694824219,185940,BPL Limited
2017-11-07,68.0,68.30000305175781,65.80000305175781,66.05000305175781,66.05000305175781,124236,BPL Limited
2017-11-08,65.5999984741211,66.94999694824219,65.30000305175781,65.5999984741211,65.5999984741211,96365,BPL Limited
2017-11-09,66.25,67.25,65.1500015258789,65.3499984741211,65.3499984741211,187971,BPL Limited
2017-11-10,65.6500015258789,66.30000305175781,64.55000305175781,64.8499984741211,64.8499984741211,126679,BPL Limited
2017-11-13,65.3499984741211,65.3499984741211,63.900001525878906,64.05000305175781,64.05000305175781,81329,BPL Limited
2017-11-14,64.0999984741211,64.69999694824219,63.5,63.95000076293945,63.95000076293945,65826,BPL Limited
2017-11-15,64.19999694824219,68.19999694824219,63.0,65.3499984741211,65.3499984741211,406098,BPL Limited
2017-11-16,67.25,68.0,65.4000015258789,66.6500015258789,66.6500015258789,358811,BPL Limited
2017-11-17,67.30000305175781,68.3499984741211,66.0999984741211,66.4000015258789,66.4000015258789,251145,BPL Limited
2017-11-20,66.44999694824219,67.80000305175781,66.05000305175781,66.6500015258789,66.6500015258789,99283,BPL Limited
2017-11-21,67.0,69.5999984741211,67.0,68.6500015258789,68.6500015258789,445788,BPL Limited
2017-11-22,69.19999694824219,69.4000015258789,67.19999694824219,67.5999984741211,67.5999984741211,140165,BPL Limited
2017-11-23,68.0,70.9000015258789,66.19999694824219,67.1500015258789,67.1500015258789,573839,BPL Limited
2017-11-24,67.19999694824219,68.5999984741211,67.05000305175781,67.3499984741211,67.3499984741211,153856,BPL Limited
2017-11-27,67.0999984741211,69.5,67.0999984741211,68.25,68.25,303777,BPL Limited
2017-11-28,68.5,81.9000015258789,67.0999984741211,79.9000015258789,79.9000015258789,4158139,BPL Limited
2017-11-29,80.69999694824219,84.5,76.9000015258789,78.25,78.25,3196278,BPL Limited
2017-11-30,76.94999694824219,84.4000015258789,76.3499984741211,79.6500015258789,79.6500015258789,2677051,BPL Limited
2017-12-01,80.8499984741211,83.69999694824219,78.0,78.5,78.5,852610,BPL Limited
2017-12-04,79.1500015258789,81.0999984741211,75.25,76.0999984741211,76.0999984741211,434880,BPL Limited
2017-12-05,75.4000015258789,77.30000305175781,73.5999984741211,76.1500015258789,76.1500015258789,429412,BPL Limited
2017-12-06,76.19999694824219,78.0,74.0,74.80000305175781,74.80000305175781,381692,BPL Limited
2017-12-07,75.19999694824219,79.9000015258789,74.94999694824219,78.5999984741211,78.5999984741211,690117,BPL Limited
2017-12-08,81.9000015258789,83.80000305175781,80.0,80.4000015258789,80.4000015258789,997195,BPL Limited
2017-12-11,81.0,92.5999984741211,78.0999984741211,91.3000030517578,91.3000030517578,5171109,BPL Limited
2017-12-12,90.0,108.75,87.0,102.5999984741211,102.5999984741211,17650496,BPL Limited
2017-12-13,100.6500015258789,105.5999984741211,93.5,94.75,94.75,5231879,BPL Limited
2017-12-14,95.5999984741211,100.75,93.5,97.0,97.0,3254845,BPL Limited
2017-12-15,98.3499984741211,104.4000015258789,98.1999969482422,100.8000030517578,100.8000030517578,4626402,BPL Limited
2017-12-18,98.0,103.6999969482422,91.8000030517578,102.1500015258789,102.1500015258789,2601326,BPL Limited
2017-12-19,103.5500030517578,118.5,103.1999969482422,116.0500030517578,116.0500030517578,11417297,BPL Limited
2017-12-20,116.6999969482422,121.9000015258789,113.6500015258789,117.4000015258789,117.4000015258789,5002197,BPL Limited
2017-12-21,117.8000030517578,119.8499984741211,114.3000030517578,116.3000030517578,116.3000030517578,1870622,BPL Limited
2017-12-22,116.5,117.9499969482422,113.0,114.5999984741211,114.5999984741211,1243146,BPL Limited
2017-12-26,115.0,115.75,112.0500030517578,112.6999969482422,112.6999969482422,893538,BPL Limited
2017-12-27,112.6999969482422,117.8499984741211,110.8000030517578,112.25,112.25,1509124,BPL Limited
2017-12-28,114.6500015258789,115.75,110.8000030517578,112.25,112.25,1285041,BPL Limited
2017-12-29,113.0,113.4000015258789,110.0,111.1500015258789,111.1500015258789,690659,BPL Limited
2018-01-01,111.5500030517578,113.5500030517578,107.9499969482422,108.8499984741211,108.8499984741211,933006,BPL Limited
2018-01-02,109.9000015258789,109.9000015258789,103.0,104.8000030517578,104.8000030517578,642459,BPL Limited
2018-01-03,105.4000015258789,114.6999969482422,105.4000015258789,112.1999969482422,112.1999969482422,2332787,BPL Limited
2018-01-04,112.9000015258789,113.5500030517578,108.3000030517578,110.6500015258789,110.6500015258789,762851,BPL Limited
2018-01-05,111.0,113.5,109.5999984741211,110.1999969482422,110.1999969482422,619883,BPL Limited
2018-01-08,112.1999969482422,117.25,110.9499969482422,114.0,114.0,2059811,BPL Limited
2018-01-09,114.3000030517578,114.5,110.0,110.6500015258789,110.6500015258789,569520,BPL Limited
2018-01-10,110.8000030517578,114.5,109.0999984741211,111.75,111.75,963204,BPL Limited
2018-01-11,111.75,113.9000015258789,110.0,110.6500015258789,110.6500015258789,725406,BPL Limited
2018-01-12,111.4000015258789,113.6999969482422,108.5,109.3499984741211,109.3499984741211,613063,BPL Limited
2018-01-15,110.4000015258789,112.4499969482422,109.1500015258789,109.5500030517578,109.5500030517578,441273,BPL Limited
2018-01-16,110.0,111.0,102.3000030517578,102.9499969482422,102.9499969482422,682990,BPL Limited
2018-01-17,103.4000015258789,106.0,96.6500015258789,103.75,103.75,652702,BPL Limited
2018-01-18,104.8000030517578,105.5,96.0500030517578,97.75,97.75,563106,BPL Limited
2018-01-19,98.0,101.1999969482422,95.5999984741211,96.75,96.75,749364,BPL Limited
2018-01-22,96.9499969482422,102.75,96.8000030517578,101.4000015258789,101.4000015258789,651760,BPL Limited
2018-01-23,102.0,102.5999984741211,98.5,99.3499984741211,99.3499984741211,472416,BPL Limited
2018-01-24,99.0,109.4000015258789,96.5,102.0999984741211,102.0999984741211,1534093,BPL Limited
2018-01-25,102.5,112.3000030517578,100.0,110.5500030517578,110.5500030517578,2097114,BPL Limited
2018-01-29,112.4000015258789,114.5,103.6500015258789,105.5,105.5,1893571,BPL Limited
2018-01-30,104.9000015258789,105.8000030517578,101.25,101.6999969482422,101.6999969482422,543217,BPL Limited
2018-01-31,101.0999984741211,105.6999969482422,100.5500030517578,101.9000015258789,101.9000015258789,615826,BPL Limited
2018-02-01,102.3499984741211,103.9000015258789,97.6999969482422,100.5,100.5,657619,BPL Limited
2018-02-02,98.0999984741211,99.3499984741211,85.25,89.0,89.0,927486,BPL Limited
2018-02-05,85.0,92.8000030517578,82.44999694824219,89.0,89.0,762817,BPL Limited
2018-02-06,80.94999694824219,85.44999694824219,79.55000305175781,83.5,83.5,645624,BPL Limited
2018-02-07,86.94999694824219,88.5,85.5999984741211,86.5999984741211,86.5999984741211,394901,BPL Limited
2018-02-08,88.5,92.4000015258789,87.8499984741211,90.4000015258789,90.4000015258789,654046,BPL Limited
2018-02-09,87.4000015258789,92.5,86.0,91.1999969482422,91.1999969482422,564440,BPL Limited
2018-02-12,95.0,105.3000030517578,94.5999984741211,102.8000030517578,102.8000030517578,2522431,BPL Limited
2018-02-14,103.75,104.75,99.0,99.5999984741211,99.5999984741211,779522,BPL Limited
2018-02-15,100.3499984741211,102.5,96.1999969482422,97.0500030517578,97.0500030517578,488382,BPL Limited
2018-02-16,97.8000030517578,99.1500015258789,92.4000015258789,94.0500030517578,94.0500030517578,453140,BPL Limited
2018-02-19,95.0,95.1999969482422,88.0999984741211,90.4000015258789,90.4000015258789,483608,BPL Limited
2018-02-20,90.9000015258789,93.5,89.5999984741211,92.5500030517578,92.5500030517578,390273,BPL Limited
2018-02-21,93.3499984741211,94.8000030517578,92.5500030517578,93.3000030517578,93.3000030517578,234531,BPL Limited
2018-02-22,92.25,93.4000015258789,90.5,91.3000030517578,91.3000030517578,278332,BPL Limited
2018-02-23,91.5,93.6999969482422,91.5,92.3499984741211,92.3499984741211,312129,BPL Limited
2018-02-26,95.0,96.9499969482422,94.1999969482422,95.9000015258789,95.9000015258789,652301,BPL Limited
2018-02-27,96.5,97.5,93.3000030517578,94.6999969482422,94.6999969482422,342147,BPL Limited
2018-02-28,93.0,93.8499984741211,91.5999984741211,92.3499984741211,92.3499984741211,261022,BPL Limited
2018-03-01,92.25,93.6999969482422,90.9499969482422,91.75,91.75,205402,BPL Limited
2018-03-05,90.5,90.9000015258789,88.30000305175781,88.8499984741211,88.8499984741211,177855,BPL Limited
2018-03-06,89.5999984741211,91.9000015258789,85.0,85.80000305175781,85.80000305175781,349666,BPL Limited
2018-03-07,85.75,85.75,81.44999694824219,82.30000305175781,82.30000305175781,317476,BPL Limited
2018-03-08,84.25,85.5,80.25,82.94999694824219,82.94999694824219,316184,BPL Limited
2018-03-09,83.94999694824219,84.0,81.0,81.5,81.5,215629,BPL Limited
2018-03-12,84.6500015258789,85.5,82.4000015258789,83.4000015258789,83.4000015258789,371589,BPL Limited
2018-03-13,84.69999694824219,92.3000030517578,84.1500015258789,89.0999984741211,89.0999984741211,1226093,BPL Limited
2018-03-14,87.8499984741211,89.9000015258789,87.5,88.05000305175781,88.05000305175781,304969,BPL Limited
2018-03-15,87.5,90.8000030517578,86.6500015258789,89.44999694824219,89.44999694824219,435157,BPL Limited
2018-03-16,89.44999694824219,91.4000015258789,86.9000015258789,87.1500015258789,87.1500015258789,267008,BPL Limited
2018-03-19,87.44999694824219,87.6500015258789,82.8499984741211,83.5,83.5,239288,BPL Limited
2018-03-20,83.25,87.44999694824219,81.9000015258789,82.6500015258789,82.6500015258789,614614,BPL Limited
2018-03-21,87.6500015258789,88.69999694824219,74.5999984741211,77.30000305175781,77.30000305175781,3604041,BPL Limited
2018-03-22,78.0,78.44999694824219,74.4000015258789,74.8499984741211,74.8499984741211,623443,BPL Limited
2018-03-23,70.0,73.5,69.4000015258789,71.5,71.5,659007,BPL Limited
2018-03-26,72.5,73.80000305175781,69.69999694824219,73.0999984741211,73.0999984741211,442987,BPL Limited
2018-03-27,74.0,75.3499984741211,73.05000305175781,73.80000305175781,73.80000305175781,412097,BPL Limited
2018-03-28,72.9000015258789,72.9000015258789,69.69999694824219,70.30000305175781,70.30000305175781,331519,BPL Limited
2018-04-02,71.25,75.1500015258789,69.80000305175781,74.69999694824219,74.69999694824219,484880,BPL Limited
2018-04-03,75.0,78.5,73.69999694824219,77.94999694824219,77.94999694824219,897343,BPL Limited
2018-04-04,78.5999984741211,82.9000015258789,78.0999984741211,79.44999694824219,79.44999694824219,1460301,BPL Limited
2018-04-05,81.6500015258789,82.69999694824219,80.9000015258789,81.5999984741211,81.5999984741211,407473,BPL Limited
2018-04-06,81.55000305175781,82.44999694824219,80.05000305175781,81.6500015258789,81.6500015258789,434901,BPL Limited
2018-04-09,82.0999984741211,83.0,80.55000305175781,81.3499984741211,81.3499984741211,369324,BPL Limited
2018-04-10,81.80000305175781,82.30000305175781,80.69999694824219,81.05000305175781,81.05000305175781,277491,BPL Limited
2018-04-11,81.4000015258789,84.6500015258789,79.4000015258789,83.3499984741211,83.3499984741211,719435,BPL Limited
2018-04-12,84.0999984741211,85.5999984741211,82.0999984741211,84.55000305175781,84.55000305175781,741607,BPL Limited
2018-04-13,87.0,87.80000305175781,84.5,85.1500015258789,85.1500015258789,888340,BPL Limited
2018-04-16,83.8499984741211,87.80000305175781,83.30000305175781,86.55000305175781,86.55000305175781,629630,BPL Limited
2018-04-17,86.80000305175781,87.30000305175781,85.25,86.0999984741211,86.0999984741211,478722,BPL Limited
2018-04-18,87.4000015258789,89.5999984741211,85.69999694824219,86.8499984741211,86.8499984741211,1185465,BPL Limited
2018-04-19,87.3499984741211,88.19999694824219,85.55000305175781,85.94999694824219,85.94999694824219,368560,BPL Limited
2018-04-20,85.19999694824219,86.8499984741211,84.0999984741211,84.5999984741211,84.5999984741211,286556,BPL Limited
2018-04-23,84.44999694824219,86.0,83.5,84.05000305175781,84.05000305175781,324904,BPL Limited
2018-04-24,84.25,85.25,83.0999984741211,83.5,83.5,345354,BPL Limited
2018-04-25,83.30000305175781,84.75,82.05000305175781,82.5,82.5,493668,BPL Limited
2018-04-26,82.94999694824219,83.3499984741211,81.8499984741211,82.55000305175781,82.55000305175781,264856,BPL Limited
2018-04-27,82.75,84.19999694824219,82.1500015258789,83.3499984741211,83.3499984741211,293249,BPL Limited
2018-04-30,83.94999694824219,84.0,81.6500015258789,81.94999694824219,81.94999694824219,178360,BPL Limited
2018-05-02,82.44999694824219,82.44999694824219,78.5,79.6500015258789,79.6500015258789,290039,BPL Limited
2018-05-03,79.19999694824219,79.75,75.44999694824219,78.3499984741211,78.3499984741211,259576,BPL Limited
2018-05-04,77.25,79.5999984741211,76.80000305175781,78.05000305175781,78.05000305175781,217902,BPL Limited
2018-05-07,78.30000305175781,78.55000305175781,76.6500015258789,76.9000015258789,76.9000015258789,137179,BPL Limited
2018-05-08,78.0,80.0,77.0999984741211,77.80000305175781,77.80000305175781,295613,BPL Limited
2018-05-09,78.0,78.1500015258789,76.5,76.80000305175781,76.80000305175781,399554,BPL Limited
2018-05-10,76.94999694824219,77.19999694824219,74.5999984741211,75.19999694824219,75.19999694824219,167577,BPL Limited
2018-05-11,76.0,76.0,73.0,74.0999984741211,74.0999984741211,151081,BPL Limited
2018-05-14,74.0,74.4000015258789,70.3499984741211,72.30000305175781,72.30000305175781,175561,BPL Limited
2018-05-15,72.05000305175781,74.5,69.0999984741211,70.80000305175781,70.80000305175781,323632,BPL Limited
2018-05-16,70.19999694824219,70.55000305175781,68.80000305175781,69.5999984741211,69.5999984741211,158728,BPL Limited
2018-05-17,70.3499984741211,74.0,69.30000305175781,73.55000305175781,73.55000305175781,254447,BPL Limited
2018-05-18,74.0999984741211,75.80000305175781,71.69999694824219,72.80000305175781,72.80000305175781,180159,BPL Limited
2018-05-21,72.44999694824219,72.55000305175781,68.3499984741211,68.94999694824219,68.94999694824219,277502,BPL Limited
2018-05-22,69.0,71.5,67.75,70.05000305175781,70.05000305175781,187527,BPL Limited
2018-05-23,70.55000305175781,71.0,68.5,69.5999984741211,69.5999984741211,179496,BPL Limited
2018-05-24,69.0,69.05000305175781,62.79999923706055,64.05000305175781,64.05000305175781,478709,BPL Limited
2018-05-25,64.75,65.0,63.0,64.30000305175781,64.30000305175781,179717,BPL Limited
2018-05-28,63.45000076293945,64.0999984741211,61.54999923706055,63.04999923706055,63.04999923706055,204303,BPL Limited
2018-05-29,63.04999923706055,65.75,62.04999923706055,65.05000305175781,65.05000305175781,333681,BPL Limited
2018-05-30,64.5,65.25,63.29999923706055,64.44999694824219,64.44999694824219,150062,BPL Limited
2018-05-31,64.69999694824219,65.25,62.04999923706055,62.79999923706055,62.79999923706055,141862,BPL Limited
2018-06-01,63.0,63.0,58.5,58.900001525878906,58.900001525878906,198195,BPL Limited
2018-06-04,59.0,59.650001525878906,50.54999923706055,51.54999923706055,51.54999923706055,427354,BPL Limited
2018-06-05,50.400001525878906,53.0,49.400001525878906,51.900001525878906,51.900001525878906,306939,BPL Limited
2018-06-06,51.95000076293945,54.900001525878906,49.59999847412109,52.75,52.75,353343,BPL Limited
2018-06-07,53.70000076293945,54.900001525878906,52.59999847412109,54.150001525878906,54.150001525878906,232146,BPL Limited
2018-06-08,53.75,57.79999923706055,52.5,56.70000076293945,56.70000076293945,415992,BPL Limited
2018-06-11,56.75,59.75,56.75,58.04999923706055,58.04999923706055,323930,BPL Limited
2018-06-12,58.29999923706055,61.5,57.900001525878906,59.95000076293945,59.95000076293945,475671,BPL Limited
2018-06-13,60.29999923706055,63.25,59.54999923706055,60.84999847412109,60.84999847412109,472460,BPL Limited
2018-06-14,60.70000076293945,64.8499984741211,60.45000076293945,63.59999847412109,63.59999847412109,664387,BPL Limited
2018-06-15,63.95000076293945,64.75,61.20000076293945,61.75,61.75,320308,BPL Limited
2018-06-18,61.75,62.150001525878906,60.25,61.150001525878906,61.150001525878906,210283,BPL Limited
2018-06-19,60.84999847412109,60.84999847412109,57.34999847412109,58.29999923706055,58.29999923706055,192678,BPL Limited
2018-06-20,58.5,62.400001525878906,58.0,59.75,59.75,470977,BPL Limited
2018-06-21,59.59999847412109,60.09999847412109,58.150001525878906,59.0,59.0,195089,BPL Limited
2018-06-22,58.59999847412109,58.70000076293945,56.09999847412109,57.25,57.25,324919,BPL Limited
2018-06-25,58.75,59.0,55.400001525878906,56.0,56.0,251147,BPL Limited
2018-06-26,55.5,55.95000076293945,54.0,54.75,54.75,179525,BPL Limited
2018-06-27,54.09999847412109,54.29999923706055,51.09999847412109,52.5,52.5,235885,BPL Limited
2018-06-28,53.0,53.0,50.09999847412109,51.29999923706055,51.29999923706055,271981,BPL Limited
2018-06-29,51.70000076293945,53.79999923706055,50.70000076293945,53.25,53.25,335366,BPL Limited
2018-07-02,54.0,54.0,50.0,51.45000076293945,51.45000076293945,329021,BPL Limited
2018-07-03,50.54999923706055,51.34999847412109,49.5,50.75,50.75,296549,BPL Limited
2018-07-04,50.5,51.84999847412109,49.04999923706055,51.04999923706055,51.04999923706055,236261,BPL Limited
2018-07-05,51.09999847412109,52.84999847412109,50.5,51.34999847412109,51.34999847412109,175170,BPL Limited
2018-07-06,50.400001525878906,52.0,50.20000076293945,50.95000076293945,50.95000076293945,267926,BPL Limited
2018-07-09,51.09999847412109,53.34999847412109,50.5,52.75,52.75,314818,BPL Limited
2018-07-10,53.20000076293945,54.70000076293945,52.84999847412109,53.79999923706055,53.79999923706055,202865,BPL Limited
2018-07-11,53.04999923706055,54.5,52.5,53.0,53.0,197493,BPL Limited
2018-07-12,53.20000076293945,53.5,51.0,51.150001525878906,51.150001525878906,213431,BPL Limited
2018-07-13,51.59999847412109,52.0,49.70000076293945,50.59999847412109,50.59999847412109,187252,BPL Limited
2018-07-16,50.650001525878906,51.25,48.29999923706055,49.04999923706055,49.04999923706055,151028,BPL Limited
2018-07-17,49.04999923706055,50.400001525878906,47.5,49.75,49.75,121240,BPL Limited
2018-07-18,50.09999847412109,51.5,47.20000076293945,47.70000076293945,47.70000076293945,137162,BPL Limited
2018-07-19,47.75,48.150001525878906,45.34999847412109,46.0,46.0,107904,BPL Limited
2018-07-20,46.75,46.75,44.29999923706055,44.650001525878906,44.650001525878906,152932,BPL Limited
2018-07-23,47.09999847412109,49.0,46.54999923706055,48.0,48.0,574136,BPL Limited
2018-07-24,48.70000076293945,57.59999847412109,46.900001525878906,57.59999847412109,57.59999847412109,832265,BPL Limited
2018-07-25,60.09999847412109,61.70000076293945,55.0,55.900001525878906,55.900001525878906,1090116,BPL Limited
2018-07-26,55.0,57.79999923706055,55.0,56.45000076293945,56.45000076293945,210675,BPL Limited
2018-07-27,55.95000076293945,61.29999923706055,55.75,57.25,57.25,669941,BPL Limited
2018-07-30,57.20000076293945,58.5,56.54999923706055,57.09999847412109,57.09999847412109,209501,BPL Limited
2018-07-31,57.0,57.34999847412109,56.0,56.29999923706055,56.29999923706055,90138,BPL Limited
2018-08-01,56.650001525878906,56.95000076293945,54.400001525878906,54.95000076293945,54.95000076293945,112951,BPL Limited
2018-08-02,54.84999847412109,57.59999847412109,54.09999847412109,55.59999847412109,55.59999847412109,220783,BPL Limited
2018-08-03,55.34999847412109,59.25,55.34999847412109,57.0,57.0,335920,BPL Limited
2018-08-06,58.400001525878906,61.59999847412109,57.59999847412109,60.04999923706055,60.04999923706055,638152,BPL Limited
2018-08-07,58.09999847412109,58.5,55.400001525878906,55.900001525878906,55.900001525878906,373717,BPL Limited
2018-08-08,56.0,56.59999847412109,53.400001525878906,54.59999847412109,54.59999847412109,194715,BPL Limited
2018-08-09,55.79999923706055,55.79999923706055,54.34999847412109,54.59999847412109,54.59999847412109,102517,BPL Limited
2018-08-10,54.09999847412109,55.25,52.20000076293945,52.45000076293945,52.45000076293945,130525,BPL Limited
2018-08-13,52.20000076293945,52.5,50.5,50.79999923706055,50.79999923706055,314440,BPL Limited
2018-08-14,51.04999923706055,53.5,51.0,51.34999847412109,51.34999847412109,277443,BPL Limited
2018-08-16,51.20000076293945,52.5,50.650001525878906,51.20000076293945,51.20000076293945,207772,BPL Limited
2018-08-17,51.54999923706055,53.0,51.0,51.75,51.75,247180,BPL Limited
2018-08-20,52.04999923706055,53.5,51.5,52.650001525878906,52.650001525878906,230044,BPL Limited
2018-08-21,53.5,53.5,52.0,52.09999847412109,52.09999847412109,185192,BPL Limited
2018-08-23,53.400001525878906,54.34999847412109,52.29999923706055,53.04999923706055,53.04999923706055,313472,BPL Limited
2018-08-24,53.0,53.54999923706055,52.04999923706055,52.29999923706055,52.29999923706055,172942,BPL Limited
2018-08-27,54.0,56.75,53.150001525878906,54.0,54.0,791409,BPL Limited
2018-08-28,54.45000076293945,55.09999847412109,52.650001525878906,53.5,53.5,270607,BPL Limited
2018-08-29,53.09999847412109,53.84999847412109,52.09999847412109,52.650001525878906,52.650001525878906,253802,BPL Limited
2018-08-30,52.95000076293945,53.34999847412109,52.09999847412109,52.34999847412109,52.34999847412109,121588,BPL Limited
2018-08-31,56.70000076293945,57.0,54.150001525878906,54.54999923706055,54.54999923706055,611105,BPL Limited
2018-09-03,54.70000076293945,55.45000076293945,53.5,53.900001525878906,53.900001525878906,196964,BPL Limited
2018-09-04,54.20000076293945,54.20000076293945,51.59999847412109,52.400001525878906,52.400001525878906,172514,BPL Limited
2018-09-05,52.900001525878906,53.0,51.20000076293945,51.900001525878906,51.900001525878906,218490,BPL Limited
2018-09-06,52.25,53.400001525878906,51.5,52.04999923706055,52.04999923706055,273184,BPL Limited
2018-09-07,52.150001525878906,52.79999923706055,51.400001525878906,51.70000076293945,51.70000076293945,252640,BPL Limited
2018-09-10,51.5,52.34999847412109,50.59999847412109,50.79999923706055,50.79999923706055,271875,BPL Limited
2018-09-11,50.54999923706055,51.75,48.5,49.5,49.5,325814,BPL Limited
2018-09-12,49.70000076293945,50.34999847412109,47.5,48.84999847412109,48.84999847412109,259218,BPL Limited
2018-09-14,49.20000076293945,50.70000076293945,48.650001525878906,50.20000076293945,50.20000076293945,251037,BPL Limited
2018-09-17,49.900001525878906,51.400001525878906,48.59999847412109,50.45000076293945,50.45000076293945,229162,BPL Limited
2018-09-18,50.0,50.5,48.59999847412109,49.0,49.0,186496,BPL Limited
2018-09-19,49.29999923706055,49.59999847412109,47.95000076293945,48.5,48.5,179139,BPL Limited
2018-09-21,49.0,50.20000076293945,41.75,46.45000076293945,46.45000076293945,191800,BPL Limited
2018-09-24,47.150001525878906,47.5,41.5,43.59999847412109,43.59999847412109,145186,BPL Limited
2018-09-25,44.20000076293945,44.20000076293945,40.09999847412109,41.650001525878906,41.650001525878906,154447,BPL Limited
2018-09-26,42.09999847412109,42.54999923706055,41.150001525878906,41.79999923706055,41.79999923706055,105263,BPL Limited
2018-09-27,44.45000076293945,46.29999923706055,42.79999923706055,43.45000076293945,43.45000076293945,568499,BPL Limited
2018-09-28,44.5,44.5,39.25,40.04999923706055,40.04999923706055,205605,BPL Limited
2018-10-01,40.20000076293945,40.25,35.70000076293945,37.0,37.0,287120,BPL Limited
2018-10-03,36.95000076293945,39.29999923706055,36.400001525878906,37.75,37.75,191388,BPL Limited
2018-10-04,36.95000076293945,38.5,36.34999847412109,37.29999923706055,37.29999923706055,158043,BPL Limited
2018-10-05,37.09999847412109,37.54999923706055,35.25,35.900001525878906,35.900001525878906,158371,BPL Limited
2018-10-08,35.70000076293945,35.95000076293945,33.5,34.25,34.25,128836,BPL Limited
2018-10-09,34.70000076293945,34.900001525878906,29.549999237060547,31.89999961853028,31.89999961853028,261615,BPL Limited
2018-10-10,31.89999961853028,35.0,31.89999961853028,34.099998474121094,34.099998474121094,253206,BPL Limited
2018-10-11,31.799999237060547,33.29999923706055,31.700000762939453,32.29999923706055,32.29999923706055,139244,BPL Limited
2018-10-12,32.900001525878906,38.75,32.900001525878906,38.70000076293945,38.70000076293945,767112,BPL Limited
2018-10-15,40.0,44.0,39.54999923706055,43.150001525878906,43.150001525878906,781915,BPL Limited
2018-10-16,43.5,44.5,41.79999923706055,43.0,43.0,317468,BPL Limited
2018-10-17,43.5,43.75,40.0,40.45000076293945,40.45000076293945,171162,BPL Limited
2018-10-19,40.0,42.34999847412109,37.400001525878906,40.70000076293945,40.70000076293945,192602,BPL Limited
2018-10-22,40.54999923706055,41.5,38.20000076293945,38.54999923706055,38.54999923706055,78221,BPL Limited
2018-10-23,38.400001525878906,38.900001525878906,37.0,37.59999847412109,37.59999847412109,50390,BPL Limited
2018-10-24,39.0,39.5,38.09999847412109,38.54999923706055,38.54999923706055,72373,BPL Limited
2018-10-25,38.0,38.20000076293945,35.54999923706055,37.5,37.5,85715,BPL Limited
2018-10-26,37.79999923706055,38.900001525878906,37.20000076293945,37.900001525878906,37.900001525878906,64789,BPL Limited
2018-10-29,37.900001525878906,39.70000076293945,37.900001525878906,39.20000076293945,39.20000076293945,71461,BPL Limited
2018-10-30,39.59999847412109,42.20000076293945,39.150001525878906,40.54999923706055,40.54999923706055,198595,BPL Limited
2018-10-31,40.79999923706055,41.5,39.75,40.900001525878906,40.900001525878906,85375,BPL Limited
2018-11-01,42.650001525878906,43.34999847412109,41.150001525878906,42.34999847412109,42.34999847412109,341176,BPL Limited
2018-11-02,42.54999923706055,43.25,41.29999923706055,41.650001525878906,41.650001525878906,172661,BPL Limited
2018-11-05,41.5,42.34999847412109,40.75,41.20000076293945,41.20000076293945,84415,BPL Limited
2018-11-06,41.54999923706055,43.0,40.79999923706055,41.20000076293945,41.20000076293945,127803,BPL Limited
2018-11-07,41.45000076293945,41.75,41.09999847412109,41.29999923706055,41.29999923706055,17960,BPL Limited
2018-11-09,41.45000076293945,42.04999923706055,40.70000076293945,41.04999923706055,41.04999923706055,75365,BPL Limited
2018-11-12,41.400001525878906,41.70000076293945,40.0,40.54999923706055,40.54999923706055,119715,BPL Limited
2018-11-13,40.0,41.0,40.0,40.5,40.5,46026,BPL Limited
2018-11-14,40.84999847412109,41.70000076293945,39.54999923706055,40.59999847412109,40.59999847412109,135795,BPL Limited
2018-11-15,40.70000076293945,41.20000076293945,39.84999847412109,40.25,40.25,65400,BPL Limited
2018-11-16,40.29999923706055,40.900001525878906,39.150001525878906,39.79999923706055,39.79999923706055,73315,BPL Limited
2018-11-19,40.0,40.0,38.75,38.95000076293945,38.95000076293945,55523,BPL Limited
2018-11-20,39.400001525878906,42.5,39.0,41.04999923706055,41.04999923706055,487911,BPL Limited
2018-11-21,41.0,46.0,40.59999847412109,42.95000076293945,42.95000076293945,863027,BPL Limited
2018-11-22,43.25,44.0,41.29999923706055,41.70000076293945,41.70000076293945,133391,BPL Limited
2018-11-26,42.0,42.0,40.0,40.20000076293945,40.20000076293945,86114,BPL Limited
2018-11-27,40.20000076293945,41.0,39.75,40.04999923706055,40.04999923706055,95780,BPL Limited
2018-11-28,40.34999847412109,40.5,39.20000076293945,39.54999923706055,39.54999923706055,94256,BPL Limited
2018-11-29,39.900001525878906,39.900001525878906,38.70000076293945,39.0,39.0,50934,BPL Limited
2018-11-30,40.650001525878906,41.20000076293945,39.150001525878906,40.09999847412109,40.09999847412109,398192,BPL Limited
2018-12-03,41.0,41.0,39.650001525878906,39.84999847412109,39.84999847412109,46705,BPL Limited
2018-12-04,40.0,40.45000076293945,39.09999847412109,39.5,39.5,61361,BPL Limited
2018-12-05,39.0,39.29999923706055,38.59999847412109,38.75,38.75,49657,BPL Limited
2018-12-06,38.45000076293945,39.0,37.29999923706055,37.59999847412109,37.59999847412109,53418,BPL Limited
2018-12-07,37.95000076293945,37.95000076293945,36.70000076293945,36.84999847412109,36.84999847412109,60333,BPL Limited
2018-12-10,36.79999923706055,36.79999923706055,35.0,35.349998474121094,35.349998474121094,64003,BPL Limited
2018-12-11,35.04999923706055,36.29999923706055,34.75,35.70000076293945,35.70000076293945,78643,BPL Limited
2018-12-12,36.09999847412109,38.0,35.849998474121094,37.45000076293945,37.45000076293945,105363,BPL Limited
2018-12-13,37.70000076293945,39.20000076293945,37.5,38.25,38.25,148024,BPL Limited
2018-12-14,38.400001525878906,41.400001525878906,37.45000076293945,39.79999923706055,39.79999923706055,421713,BPL Limited
2018-12-17,40.20000076293945,40.45000076293945,39.09999847412109,39.29999923706055,39.29999923706055,79566,BPL Limited
2018-12-18,38.79999923706055,43.400001525878906,38.79999923706055,41.900001525878906,41.900001525878906,622979,BPL Limited
2018-12-19,42.150001525878906,44.79999923706055,41.20000076293945,42.59999847412109,42.59999847412109,577259,BPL Limited
2018-12-20,41.650001525878906,43.70000076293945,41.34999847412109,41.650001525878906,41.650001525878906,213625,BPL Limited
2018-12-21,42.25,43.79999923706055,41.84999847412109,42.09999847412109,42.09999847412109,472049,BPL Limited
2018-12-24,44.400001525878906,44.400001525878906,42.25,43.150001525878906,43.150001525878906,1009363,BPL Limited
2018-12-26,42.70000076293945,43.0,40.79999923706055,41.79999923706055,41.79999923706055,164265,BPL Limited
2018-12-27,42.150001525878906,42.70000076293945,41.09999847412109,41.34999847412109,41.34999847412109,100895,BPL Limited
2018-12-28,41.34999847412109,42.45000076293945,41.09999847412109,41.45000076293945,41.45000076293945,159352,BPL Limited
2018-12-31,41.79999923706055,42.25,41.150001525878906,41.25,41.25,89648,BPL Limited
2019-01-01,41.59999847412109,42.5,40.79999923706055,41.650001525878906,41.650001525878906,115101,BPL Limited
2019-01-02,41.29999923706055,41.75,40.29999923706055,40.84999847412109,40.84999847412109,124149,BPL Limited
2019-01-03,40.84999847412109,41.29999923706055,40.0,40.150001525878906,40.150001525878906,55544,BPL Limited
2019-01-04,40.25,40.59999847412109,39.150001525878906,39.5,39.5,75133,BPL Limited
2019-01-07,39.70000076293945,40.900001525878906,39.70000076293945,40.04999923706055,40.04999923706055,60713,BPL Limited
2019-01-08,40.20000076293945,41.0,39.70000076293945,40.150001525878906,40.150001525878906,116802,BPL Limited
2019-01-09,40.04999923706055,40.45000076293945,39.70000076293945,39.900001525878906,39.900001525878906,94850,BPL Limited
2019-01-10,39.54999923706055,40.29999923706055,38.5,38.95000076293945,38.95000076293945,102380,BPL Limited
2019-01-11,39.20000076293945,39.900001525878906,37.59999847412109,38.29999923706055,38.29999923706055,113727,BPL Limited
2019-01-14,39.29999923706055,40.20000076293945,38.900001525878906,39.45000076293945,39.45000076293945,284788,BPL Limited
2019-01-15,39.75,40.79999923706055,39.59999847412109,39.84999847412109,39.84999847412109,105710,BPL Limited
2019-01-16,41.20000076293945,41.900001525878906,40.25,40.5,40.5,293991,BPL Limited
2019-01-17,40.54999923706055,40.70000076293945,39.20000076293945,39.54999923706055,39.54999923706055,113299,BPL Limited
2019-01-18,39.75,39.75,38.59999847412109,38.84999847412109,38.84999847412109,56983,BPL Limited
2019-01-21,39.5,41.900001525878906,39.25,41.04999923706055,41.04999923706055,372887,BPL Limited
2019-01-22,42.79999923706055,43.95000076293945,41.09999847412109,42.20000076293945,42.20000076293945,761939,BPL Limited
2019-01-23,41.900001525878906,41.900001525878906,40.34999847412109,40.59999847412109,40.59999847412109,73844,BPL Limited
2019-01-24,40.70000076293945,40.70000076293945,39.20000076293945,39.45000076293945,39.45000076293945,74265,BPL Limited
2019-01-25,39.5,41.70000076293945,38.09999847412109,38.34999847412109,38.34999847412109,253171,BPL Limited
2019-01-28,38.5,38.54999923706055,36.09999847412109,36.34999847412109,36.34999847412109,142316,BPL Limited
2019-01-29,36.5,37.0,35.599998474121094,36.650001525878906,36.650001525878906,90710,BPL Limited
2019-01-30,36.900001525878906,37.20000076293945,36.34999847412109,36.650001525878906,36.650001525878906,65289,BPL Limited
2019-01-31,36.95000076293945,37.5,36.5,37.0,37.0,84358,BPL Limited
2019-02-01,37.09999847412109,37.84999847412109,36.5,36.650001525878906,36.650001525878906,92773,BPL Limited
2019-02-04,36.5,36.54999923706055,32.849998474121094,33.20000076293945,33.20000076293945,235958,BPL Limited
2019-02-05,32.70000076293945,33.25,30.600000381469727,31.0,31.0,149034,BPL Limited
2019-02-06,31.0,31.5,26.75,27.350000381469727,27.350000381469727,350558,BPL Limited
2019-02-07,27.350000381469727,28.600000381469727,26.0,28.0,28.0,202780,BPL Limited
2019-02-08,28.5,28.5,27.200000762939453,27.39999961853028,27.39999961853028,41057,BPL Limited
2019-02-11,27.75,27.75,26.39999961853028,26.549999237060547,26.549999237060547,38299,BPL Limited
2019-02-12,26.799999237060547,26.799999237060547,24.350000381469727,25.100000381469727,25.100000381469727,74292,BPL Limited
2019-02-14,24.049999237060547,24.5,22.549999237060547,24.100000381469727,24.100000381469727,137173,BPL Limited
2019-02-15,24.299999237060547,24.700000762939453,23.100000381469727,24.100000381469727,24.100000381469727,44163,BPL Limited
2019-02-18,24.450000762939453,26.5,24.25,25.549999237060547,25.549999237060547,147528,BPL Limited
2019-02-19,25.64999961853028,27.350000381469727,25.100000381469727,25.64999961853028,25.64999961853028,189762,BPL Limited
2019-02-20,27.0,27.950000762939453,26.600000381469727,27.100000381469727,27.100000381469727,401738,BPL Limited
2019-02-21,27.200000762939453,27.700000762939453,26.799999237060547,27.14999961853028,27.14999961853028,61498,BPL Limited
2019-02-22,26.25,27.799999237060547,26.25,27.64999961853028,27.64999961853028,104353,BPL Limited
2019-02-25,28.0,28.850000381469727,27.64999961853028,28.14999961853028,28.14999961853028,108692,BPL Limited
2019-02-26,28.14999961853028,28.14999961853028,25.549999237060547,26.600000381469727,26.600000381469727,213334,BPL Limited
2019-02-27,26.75,27.450000762939453,26.0,26.25,26.25,71081,BPL Limited
2019-02-28,26.700000762939453,26.700000762939453,25.799999237060547,26.25,26.25,41733,BPL Limited
2019-03-01,26.100000381469727,27.25,25.25,26.950000762939453,26.950000762939453,183477,BPL Limited
2019-03-05,27.0,29.600000381469727,26.950000762939453,28.89999961853028,28.89999961853028,221695,BPL Limited
2019-03-06,28.799999237060547,29.850000381469727,28.25,28.700000762939453,28.700000762939453,148070,BPL Limited
2019-03-07,29.0,29.0,28.25,28.450000762939453,28.450000762939453,66392,BPL Limited
2019-03-08,29.600000381469727,29.75,28.549999237060547,28.75,28.75,160484,BPL Limited
2019-03-11,29.5,30.100000381469727,29.0,29.350000381469727,29.350000381469727,192632,BPL Limited
2019-03-12,29.600000381469727,30.549999237060547,29.200000762939453,30.049999237060547,30.049999237060547,222006,BPL Limited
2019-03-13,29.950000762939453,30.64999961853028,29.5,29.600000381469727,29.600000381469727,105502,BPL Limited
2019-03-14,29.600000381469727,29.89999961853028,28.850000381469727,29.100000381469727,29.100000381469727,77857,BPL Limited
2019-03-15,29.299999237060547,29.64999961853028,28.5,28.64999961853028,28.64999961853028,102422,BPL Limited
2019-03-18,28.799999237060547,29.14999961853028,28.64999961853028,28.950000762939453,28.950000762939453,58789,BPL Limited
2019-03-19,28.850000381469727,29.14999961853028,28.64999961853028,28.75,28.75,54928,BPL Limited
2019-03-20,28.5,28.75,28.0,28.25,28.25,42641,BPL Limited
2019-03-22,28.700000762939453,29.39999961853028,28.0,28.549999237060547,28.549999237060547,133141,BPL Limited
2019-03-25,28.0,29.25,27.350000381469727,27.600000381469727,27.600000381469727,152881,BPL Limited
2019-03-26,28.39999961853028,28.39999961853028,26.299999237060547,26.799999237060547,26.799999237060547,142511,BPL Limited
2019-03-27,26.89999961853028,27.14999961853028,25.799999237060547,26.049999237060547,26.049999237060547,107095,BPL Limited
2019-03-28,26.600000381469727,26.600000381469727,25.89999961853028,26.14999961853028,26.14999961853028,69464,BPL Limited
2019-04-01,27.850000381469727,28.5,27.39999961853028,27.89999961853028,27.89999961853028,245877,BPL Limited
2019-04-02,27.950000762939453,28.100000381469727,26.850000381469727,27.049999237060547,27.049999237060547,64481,BPL Limited
2019-04-03,27.100000381469727,27.600000381469727,26.5,26.799999237060547,26.799999237060547,65694,BPL Limited
2019-04-04,26.549999237060547,26.64999961853028,25.89999961853028,26.200000762939453,26.200000762939453,51913,BPL Limited
2019-04-05,28.5,29.89999961853028,26.600000381469727,27.049999237060547,27.049999237060547,583227,BPL Limited
2019-04-08,27.0,27.25,26.549999237060547,26.600000381469727,26.600000381469727,66660,BPL Limited
2019-04-09,26.75,26.75,26.14999961853028,26.350000381469727,26.350000381469727,66952,BPL Limited
2019-04-10,26.5,27.049999237060547,25.5,26.549999237060547,26.549999237060547,231858,BPL Limited
2019-04-11,26.799999237060547,26.89999961853028,26.0,26.299999237060547,26.299999237060547,65258,BPL Limited
2019-04-12,26.049999237060547,26.299999237060547,25.89999961853028,26.0,26.0,87443,BPL Limited
2019-04-15,26.14999961853028,26.950000762939453,26.0,26.100000381469727,26.100000381469727,102686,BPL Limited
2019-04-16,26.14999961853028,26.350000381469727,25.799999237060547,25.850000381469727,25.850000381469727,67843,BPL Limited
2019-04-18,25.950000762939453,26.049999237060547,25.049999237060547,25.350000381469727,25.350000381469727,84172,BPL Limited
2019-04-22,25.350000381469727,25.350000381469727,24.200000762939453,24.299999237060547,24.299999237060547,106273,BPL Limited
2019-04-23,24.799999237060547,24.799999237060547,23.5,24.350000381469727,24.350000381469727,37544,BPL Limited
2019-04-24,24.5,24.600000381469727,23.89999961853028,24.14999961853028,24.14999961853028,53576,BPL Limited
2019-04-25,24.14999961853028,24.25,23.299999237060547,23.549999237060547,23.549999237060547,76553,BPL Limited
2019-04-26,23.39999961853028,23.799999237060547,23.39999961853028,23.549999237060547,23.549999237060547,51116,BPL Limited
2019-04-30,23.75,23.75,22.5,22.799999237060547,22.799999237060547,75131,BPL Limited
2019-05-02,22.799999237060547,22.799999237060547,22.100000381469727,22.450000762939453,22.450000762939453,44972,BPL Limited
2019-05-03,22.600000381469727,26.89999961853028,22.100000381469727,26.5,26.5,2079868,BPL Limited
2019-05-06,24.950000762939453,26.450000762939453,24.0,24.350000381469727,24.350000381469727,472609,BPL Limited
2019-05-07,25.200000762939453,25.450000762939453,23.850000381469727,24.200000762939453,24.200000762939453,159657,BPL Limited
2019-05-08,24.299999237060547,24.299999237060547,22.549999237060547,22.89999961853028,22.89999961853028,158830,BPL Limited
2019-05-09,22.5,23.450000762939453,22.100000381469727,22.600000381469727,22.600000381469727,166899,BPL Limited
2019-05-10,22.799999237060547,23.5,21.450000762939453,21.700000762939453,21.700000762939453,344833,BPL Limited
2019-05-13,21.950000762939453,21.950000762939453,20.200000762939453,20.350000381469727,20.350000381469727,125239,BPL Limited
2019-05-14,20.799999237060547,20.799999237060547,19.299999237060547,19.700000762939453,19.700000762939453,147217,BPL Limited
2019-05-15,20.200000762939453,20.5,19.75,20.0,20.0,72114,BPL Limited
2019-05-16,19.950000762939453,21.450000762939453,19.75,20.450000762939453,20.450000762939453,165236,BPL Limited
2019-05-17,21.049999237060547,21.049999237060547,20.450000762939453,20.549999237060547,20.549999237060547,65489,BPL Limited
2019-05-20,21.600000381469727,22.5,21.0,22.450000762939453,22.450000762939453,214287,BPL Limited
2019-05-21,22.850000381469727,22.850000381469727,21.450000762939453,22.0,22.0,113264,BPL Limited
2019-05-22,23.600000381469727,24.700000762939453,22.75,23.0,23.0,451922,BPL Limited
2019-05-23,24.0,24.0,22.14999961853028,22.350000381469727,22.350000381469727,129057,BPL Limited
2019-05-24,23.100000381469727,23.89999961853028,21.799999237060547,23.549999237060547,23.549999237060547,139284,BPL Limited
2019-05-27,23.14999961853028,25.350000381469727,23.14999961853028,25.0,25.0,341491,BPL Limited
2019-05-28,28.799999237060547,29.64999961853028,27.0,28.700000762939453,28.700000762939453,1980310,BPL Limited
2019-05-29,27.5,28.25,26.64999961853028,26.89999961853028,26.89999961853028,315801,BPL Limited
2019-05-30,27.450000762939453,27.450000762939453,26.14999961853028,26.799999237060547,26.799999237060547,105633,BPL Limited
2019-05-31,26.850000381469727,27.200000762939453,25.64999961853028,25.89999961853028,25.89999961853028,109203,BPL Limited
2019-06-03,26.100000381469727,26.299999237060547,25.100000381469727,25.350000381469727,25.350000381469727,91838,BPL Limited
2019-06-04,25.39999961853028,25.75,24.75,25.200000762939453,25.200000762939453,55625,BPL Limited
2019-06-06,25.299999237060547,25.39999961853028,24.0,24.100000381469727,24.100000381469727,88859,BPL Limited
2019-06-07,24.0,24.700000762939453,23.700000762939453,23.89999961853028,23.89999961853028,43139,BPL Limited
2019-06-10,24.100000381469727,24.25,22.799999237060547,23.200000762939453,23.200000762939453,59743,BPL Limited
2019-06-11,23.350000381469727,24.299999237060547,23.14999961853028,23.75,23.75,76851,BPL Limited
2019-06-12,23.549999237060547,25.049999237060547,23.549999237060547,23.950000762939453,23.950000762939453,74897,BPL Limited
2019-06-13,23.89999961853028,24.0,23.14999961853028,23.350000381469727,23.350000381469727,61016,BPL Limited
2019-06-14,23.14999961853028,23.600000381469727,22.799999237060547,23.049999237060547,23.049999237060547,62894,BPL Limited
2019-06-17,23.350000381469727,23.350000381469727,22.0,22.100000381469727,22.100000381469727,65318,BPL Limited
2019-06-18,22.89999961853028,23.200000762939453,21.950000762939453,22.200000762939453,22.200000762939453,99206,BPL Limited
2019-06-19,22.5,22.64999961853028,21.0,21.100000381469727,21.100000381469727,76109,BPL Limited
2019-06-20,20.89999961853028,23.049999237060547,20.5,22.850000381469727,22.850000381469727,95592,BPL Limited
2019-06-21,22.89999961853028,23.799999237060547,22.049999237060547,22.5,22.5,65649,BPL Limited
2019-06-24,22.39999961853028,22.89999961853028,21.200000762939453,21.950000762939453,21.950000762939453,59624,BPL Limited
2019-06-25,21.950000762939453,22.39999961853028,21.5,21.75,21.75,36934,BPL Limited
2019-06-26,22.39999961853028,22.5,21.049999237060547,22.14999961853028,22.14999961853028,113182,BPL Limited
2019-06-27,22.600000381469727,22.75,22.14999961853028,22.299999237060547,22.299999237060547,37281,BPL Limited
2019-06-28,22.5,22.5,21.39999961853028,21.850000381469727,21.850000381469727,46389,BPL Limited
2019-07-01,22.39999961853028,22.600000381469727,21.850000381469727,22.25,22.25,32892,BPL Limited
2019-07-02,22.5,22.549999237060547,21.89999961853028,22.0,22.0,24224,BPL Limited
2019-07-03,22.39999961853028,22.39999961853028,21.549999237060547,21.850000381469727,21.850000381469727,35243,BPL Limited
2019-07-04,21.75,22.39999961853028,21.700000762939453,21.850000381469727,21.850000381469727,60632,BPL Limited
2019-07-05,22.0,22.299999237060547,21.39999961853028,21.799999237060547,21.799999237060547,71130,BPL Limited
2019-07-08,21.600000381469727,21.850000381469727,20.100000381469727,20.600000381469727,20.600000381469727,61820,BPL Limited
2019-07-09,21.25,21.549999237060547,20.25,21.25,21.25,45799,BPL Limited
2019-07-10,22.0,22.049999237060547,20.5,20.799999237060547,20.799999237060547,33326,BPL Limited
2019-07-11,21.5,21.5,20.39999961853028,21.0,21.0,35103,BPL Limited
2019-07-12,21.0,21.299999237060547,20.700000762939453,21.049999237060547,21.049999237060547,45070,BPL Limited
2019-07-15,21.75,21.75,20.14999961853028,20.350000381469727,20.350000381469727,42944,BPL Limited
2019-07-16,19.950000762939453,20.799999237060547,19.89999961853028,20.14999961853028,20.14999961853028,46946,BPL Limited
2019-07-17,20.350000381469727,20.39999961853028,19.950000762939453,20.049999237060547,20.049999237060547,35573,BPL Limited
2019-07-18,20.14999961853028,20.200000762939453,19.600000381469727,20.0,20.0,53782,BPL Limited
2019-07-19,19.950000762939453,20.0,19.25,19.450000762939453,19.450000762939453,51063,BPL Limited
2019-07-22,19.5,21.200000762939453,18.0,19.600000381469727,19.600000381469727,111077,BPL Limited
2019-07-23,20.299999237060547,20.299999237060547,18.14999961853028,19.25,19.25,60018,BPL Limited
2019-07-24,19.799999237060547,19.799999237060547,18.799999237060547,19.39999961853028,19.39999961853028,37736,BPL Limited
2019-07-25,19.350000381469727,20.39999961853028,19.049999237060547,19.299999237060547,19.299999237060547,55052,BPL Limited
2019-07-26,18.850000381469727,19.75,18.850000381469727,19.299999237060547,19.299999237060547,54943,BPL Limited
2019-07-29,19.850000381469727,19.850000381469727,18.5,19.0,19.0,51860,BPL Limited
2019-07-30,19.299999237060547,19.299999237060547,18.25,18.39999961853028,18.39999961853028,80299,BPL Limited
2019-07-31,18.39999961853028,18.700000762939453,17.600000381469727,18.200000762939453,18.200000762939453,76721,BPL Limited
2019-08-01,18.200000762939453,18.600000381469727,17.549999237060547,17.700000762939453,17.700000762939453,63255,BPL Limited
2019-08-02,17.5,17.700000762939453,16.950000762939453,17.5,17.5,52181,BPL Limited
2019-08-05,17.5,17.5,16.799999237060547,17.149999618530273,17.149999618530273,23220,BPL Limited
2019-08-06,16.700000762939453,18.89999961853028,16.700000762939453,18.5,18.5,76437,BPL Limited
2019-08-07,19.100000381469727,19.200000762939453,18.600000381469727,19.049999237060547,19.049999237060547,49559,BPL Limited
2019-08-08,18.850000381469727,19.0,18.0,18.14999961853028,18.14999961853028,37031,BPL Limited
2019-08-09,18.350000381469727,18.850000381469727,18.100000381469727,18.350000381469727,18.350000381469727,52512,BPL Limited
2019-08-13,18.89999961853028,18.89999961853028,17.549999237060547,17.649999618530273,17.649999618530273,31224,BPL Limited
2019-08-14,18.5,18.5,17.299999237060547,17.700000762939453,17.700000762939453,36037,BPL Limited
2019-08-16,17.5,17.75,17.0,17.100000381469727,17.100000381469727,33316,BPL Limited
2019-08-19,17.649999618530273,17.75,16.700000762939453,17.350000381469727,17.350000381469727,47652,BPL Limited
2019-08-20,17.350000381469727,17.399999618530273,17.0,17.100000381469727,17.100000381469727,11110,BPL Limited
2019-08-21,17.049999237060547,17.049999237060547,16.5,16.850000381469727,16.850000381469727,34899,BPL Limited
2019-08-22,16.799999237060547,16.799999237060547,14.800000190734863,15.149999618530272,15.149999618530272,96130,BPL Limited
2019-08-23,14.550000190734863,14.800000190734863,13.649999618530272,14.300000190734863,14.300000190734863,109485,BPL Limited
2019-08-26,15.0,15.0,14.199999809265137,14.699999809265137,14.699999809265137,49760,BPL Limited
2019-08-27,15.0,17.600000381469727,14.350000381469728,17.600000381469727,17.600000381469727,256429,BPL Limited
2019-08-28,18.200000762939453,18.600000381469727,16.5,16.799999237060547,16.799999237060547,205827,BPL Limited
2019-08-29,16.25,16.950000762939453,15.800000190734863,15.949999809265137,15.949999809265137,61706,BPL Limited
2019-08-30,16.0,16.350000381469727,15.600000381469728,15.850000381469728,15.850000381469728,42689,BPL Limited
2019-09-03,15.300000190734863,15.850000381469728,15.149999618530272,15.449999809265137,15.449999809265137,25602,BPL Limited
2019-09-04,15.699999809265137,15.899999618530272,15.100000381469728,15.600000381469728,15.600000381469728,42920,BPL Limited
2019-09-05,16.200000762939453,17.350000381469727,15.550000190734863,16.649999618530273,16.649999618530273,105935,BPL Limited
2019-09-06,17.399999618530273,17.399999618530273,16.299999237060547,16.700000762939453,16.700000762939453,35658,BPL Limited
2019-09-09,17.0,17.200000762939453,16.399999618530273,17.0,17.0,45201,BPL Limited
2019-09-11,17.450000762939453,20.39999961853028,17.200000762939453,20.100000381469727,20.100000381469727,513038,BPL Limited
2019-09-12,19.850000381469727,22.200000762939453,19.299999237060547,19.850000381469727,19.850000381469727,333537,BPL Limited
2019-09-13,20.200000762939453,20.299999237060547,19.200000762939453,20.0,20.0,83563,BPL Limited
2019-09-16,20.0,21.39999961853028,19.700000762939453,20.700000762939453,20.700000762939453,168099,BPL Limited
2019-09-17,20.700000762939453,20.700000762939453,20.0,20.0,20.0,54672,BPL Limited
2019-09-18,20.200000762939453,24.0,20.200000762939453,21.89999961853028,21.89999961853028,555272,BPL Limited
2019-09-19,22.75,22.75,20.200000762939453,20.600000381469727,20.600000381469727,99284,BPL Limited
2019-09-20,21.39999961853028,21.89999961853028,20.75,21.350000381469727,21.350000381469727,118323,BPL Limited
2019-09-23,21.5,22.549999237060547,21.5,21.799999237060547,21.799999237060547,100369,BPL Limited
2019-09-24,22.14999961853028,22.299999237060547,20.64999961853028,20.799999237060547,20.799999237060547,57592,BPL Limited
2019-09-25,20.89999961853028,21.049999237060547,20.0,20.200000762939453,20.200000762939453,97977,BPL Limited
2019-09-26,22.0,23.049999237060547,21.64999961853028,22.100000381469727,22.100000381469727,559895,BPL Limited
2019-09-27,23.5,24.200000762939453,23.0,23.299999237060547,23.299999237060547,460078,BPL Limited
2019-09-30,24.0,24.100000381469727,22.0,22.25,22.25,206709,BPL Limited
2019-10-01,22.5,23.100000381469727,19.25,20.39999961853028,20.39999961853028,167101,BPL Limited
2019-10-03,20.25,21.0,19.350000381469727,20.64999961853028,20.64999961853028,89154,BPL Limited
2019-10-04,21.700000762939453,21.75,20.799999237060547,20.950000762939453,20.950000762939453,131504,BPL Limited
2019-10-07,21.049999237060547,22.799999237060547,20.100000381469727,20.299999237060547,20.299999237060547,79714,BPL Limited
2019-10-09,20.299999237060547,20.89999961853028,19.64999961853028,19.950000762939453,19.950000762939453,88019,BPL Limited
2019-10-10,19.950000762939453,20.5,19.450000762939453,19.700000762939453,19.700000762939453,54348,BPL Limited
2019-10-11,20.100000381469727,20.14999961853028,18.14999961853028,18.700000762939453,18.700000762939453,119958,BPL Limited
2019-10-14,18.700000762939453,19.200000762939453,18.25,18.549999237060547,18.549999237060547,69095,BPL Limited
2019-10-15,18.799999237060547,19.0,18.299999237060547,18.600000381469727,18.600000381469727,45701,BPL Limited
2019-10-16,18.850000381469727,19.75,18.600000381469727,18.850000381469727,18.850000381469727,53085,BPL Limited
2019-10-17,18.950000762939453,19.39999961853028,18.5,18.600000381469727,18.600000381469727,75990,BPL Limited
2019-10-18,19.75,20.850000381469727,19.75,20.25,20.25,387521,BPL Limited
2019-10-22,20.25,20.450000762939453,19.5,19.75,19.75,103693,BPL Limited
2019-10-23,19.75,19.89999961853028,19.25,19.5,19.5,61900,BPL Limited
2019-10-24,19.64999961853028,20.0,19.0,19.200000762939453,19.200000762939453,50996,BPL Limited
2019-10-25,19.14999961853028,19.64999961853028,18.75,18.89999961853028,18.89999961853028,47738,BPL Limited
2019-10-27,19.0,19.350000381469727,18.75,18.89999961853028,18.89999961853028,13495,BPL Limited
2019-10-29,19.299999237060547,19.89999961853028,18.75,19.200000762939453,19.200000762939453,103643,BPL Limited
2019-10-30,19.5,19.89999961853028,19.049999237060547,19.200000762939453,19.200000762939453,83971,BPL Limited
2019-10-31,19.39999961853028,19.75,19.200000762939453,19.350000381469727,19.350000381469727,119864,BPL Limited
2019-11-01,19.64999961853028,19.64999961853028,18.950000762939453,19.25,19.25,71495,BPL Limited
2019-11-04,19.39999961853028,19.5,19.0,19.25,19.25,51742,BPL Limited
2019-11-05,20.0,20.0,19.200000762939453,19.299999237060547,19.299999237060547,96294,BPL Limited
2019-11-06,19.200000762939453,20.25,18.89999961853028,19.100000381469727,19.100000381469727,63833,BPL Limited
2019-11-07,19.25,19.350000381469727,18.450000762939453,18.64999961853028,18.64999961853028,51776,BPL Limited
2019-11-08,18.700000762939453,19.14999961853028,18.64999961853028,18.950000762939453,18.950000762939453,56354,BPL Limited
2019-11-11,19.0,21.0,19.0,19.850000381469727,19.850000381469727,171231,BPL Limited
2019-11-13,19.200000762939453,20.14999961853028,19.0,19.5,19.5,92014,BPL Limited
2019-11-14,19.25,21.350000381469727,18.799999237060547,19.350000381469727,19.350000381469727,332628,BPL Limited
2019-11-15,19.049999237060547,20.0,19.049999237060547,19.200000762939453,19.200000762939453,62937,BPL Limited
2019-11-18,19.5,19.5,18.850000381469727,19.0,19.0,63860,BPL Limited
2019-11-19,19.0,19.0,18.14999961853028,18.299999237060547,18.299999237060547,85616,BPL Limited
2019-11-20,18.549999237060547,18.799999237060547,18.0,18.299999237060547,18.299999237060547,40181,BPL Limited
2019-11-21,18.39999961853028,18.799999237060547,18.200000762939453,18.25,18.25,38977,BPL Limited
2019-11-22,18.299999237060547,18.549999237060547,18.0,18.200000762939453,18.200000762939453,47984,BPL Limited
2019-11-25,19.25,19.25,18.25,18.450000762939453,18.450000762939453,47799,BPL Limited
2019-11-26,18.5,18.799999237060547,18.049999237060547,18.14999961853028,18.14999961853028,29993,BPL Limited
2019-11-27,18.299999237060547,19.89999961853028,18.200000762939453,18.75,18.75,146839,BPL Limited
2019-11-28,18.799999237060547,19.75,18.5,19.25,19.25,220416,BPL Limited
2019-11-29,18.700000762939453,19.5,18.39999961853028,18.5,18.5,161451,BPL Limited
2019-12-02,18.799999237060547,18.89999961853028,18.25,18.39999961853028,18.39999961853028,83444,BPL Limited
2019-12-03,18.5,18.5,17.700000762939453,17.899999618530273,17.899999618530273,68350,BPL Limited
2019-12-04,17.600000381469727,18.450000762939453,17.5,18.049999237060547,18.049999237060547,62253,BPL Limited
2019-12-05,18.200000762939453,18.200000762939453,17.600000381469727,17.850000381469727,17.850000381469727,48041,BPL Limited
2019-12-06,18.39999961853028,18.39999961853028,17.299999237060547,17.549999237060547,17.549999237060547,47593,BPL Limited
2019-12-09,17.549999237060547,17.600000381469727,16.899999618530273,17.100000381469727,17.100000381469727,41607,BPL Limited
2019-12-10,17.950000762939453,18.450000762939453,17.200000762939453,17.549999237060547,17.549999237060547,209597,BPL Limited
2019-12-11,17.799999237060547,17.850000381469727,17.25,17.299999237060547,17.299999237060547,40656,BPL Limited
2019-12-12,17.450000762939453,19.0,17.100000381469727,18.600000381469727,18.600000381469727,156571,BPL Limited
2019-12-13,19.799999237060547,20.600000381469727,19.39999961853028,19.75,19.75,1049320,BPL Limited
2019-12-16,19.700000762939453,19.75,18.600000381469727,18.799999237060547,18.799999237060547,150685,BPL Limited
2019-12-17,19.5,19.75,18.799999237060547,19.100000381469727,19.100000381469727,190526,BPL Limited
2019-12-18,19.0,19.39999961853028,18.600000381469727,18.799999237060547,18.799999237060547,71187,BPL Limited
2019-12-19,18.700000762939453,19.0,18.450000762939453,18.700000762939453,18.700000762939453,59371,BPL Limited
2019-12-20,18.700000762939453,18.799999237060547,18.39999961853028,18.5,18.5,44916,BPL Limited
2019-12-23,19.25,19.25,18.64999961853028,18.850000381469727,18.850000381469727,182730,BPL Limited
2019-12-24,18.850000381469727,19.049999237060547,18.39999961853028,18.5,18.5,90998,BPL Limited
2019-12-26,18.299999237060547,18.700000762939453,18.25,18.39999961853028,18.39999961853028,51325,BPL Limited
2019-12-27,18.5,19.25,18.100000381469727,18.950000762939453,18.950000762939453,133722,BPL Limited
2019-12-30,19.600000381469727,19.89999961853028,18.950000762939453,19.39999961853028,19.39999961853028,439870,BPL Limited
2019-12-31,19.5,19.5,18.89999961853028,19.0,19.0,58507,BPL Limited
2020-01-01,19.350000381469727,19.39999961853028,19.0,19.14999961853028,19.14999961853028,34308,BPL Limited
2020-01-02,19.100000381469727,20.89999961853028,18.850000381469727,20.450000762939453,20.450000762939453,330700,BPL Limited
2020-01-03,19.89999961853028,21.0,19.75,19.850000381469727,19.850000381469727,173806,BPL Limited
2020-01-06,19.600000381469727,19.600000381469727,18.600000381469727,18.75,18.75,116169,BPL Limited
2020-01-07,19.14999961853028,20.75,18.700000762939453,20.0,20.0,263172,BPL Limited
2020-01-08,19.25,20.89999961853028,19.25,20.549999237060547,20.549999237060547,332964,BPL Limited
2020-01-09,21.200000762939453,21.39999961853028,20.0,20.39999961853028,20.39999961853028,162674,BPL Limited
2020-01-10,20.600000381469727,21.14999961853028,19.600000381469727,20.75,20.75,298127,BPL Limited
2020-01-13,22.0,24.600000381469727,20.64999961853028,23.200000762939453,23.200000762939453,2072199,BPL Limited
2020-01-14,24.200000762939453,24.200000762939453,22.049999237060547,22.75,22.75,470308,BPL Limited
2020-01-15,22.75,22.75,21.700000762939453,22.049999237060547,22.049999237060547,173028,BPL Limited
2020-01-16,22.14999961853028,24.25,22.049999237060547,23.950000762939453,23.950000762939453,426157,BPL Limited
2020-01-17,23.950000762939453,24.0,23.100000381469727,23.350000381469727,23.350000381469727,172527,BPL Limited
2020-01-20,23.39999961853028,23.64999961853028,22.0,22.100000381469727,22.100000381469727,120913,BPL Limited
2020-01-21,21.950000762939453,22.75,21.39999961853028,21.700000762939453,21.700000762939453,85256,BPL Limited
2020-01-22,21.950000762939453,22.75,21.100000381469727,21.549999237060547,21.549999237060547,192565,BPL Limited
2020-01-23,22.14999961853028,22.700000762939453,21.799999237060547,22.0,22.0,259107,BPL Limited
2020-01-24,22.39999961853028,23.5,22.25,22.5,22.5,270830,BPL Limited
2020-01-27,22.39999961853028,22.700000762939453,21.600000381469727,21.850000381469727,21.850000381469727,91471,BPL Limited
2020-01-28,21.950000762939453,22.89999961853028,21.75,22.049999237060547,22.049999237060547,153350,BPL Limited
2020-01-29,22.0,22.5,22.0,22.200000762939453,22.200000762939453,71593,BPL Limited
2020-01-30,21.850000381469727,23.700000762939453,21.850000381469727,23.100000381469727,23.100000381469727,513833,BPL Limited
2020-01-31,23.049999237060547,23.25,22.25,22.5,22.5,108290,BPL Limited
2020-02-03,21.049999237060547,21.89999961853028,20.64999961853028,21.450000762939453,21.450000762939453,99825,BPL Limited
2020-02-04,21.450000762939453,22.5,21.450000762939453,22.200000762939453,22.200000762939453,100121,BPL Limited
2020-02-05,22.299999237060547,23.350000381469727,22.299999237060547,23.0,23.0,132985,BPL Limited
2020-02-06,23.200000762939453,23.549999237060547,22.5,22.950000762939453,22.950000762939453,123887,BPL Limited
2020-02-07,22.799999237060547,22.799999237060547,22.049999237060547,22.14999961853028,22.14999961853028,104915,BPL Limited
2020-02-10,22.14999961853028,22.200000762939453,20.89999961853028,21.049999237060547,21.049999237060547,106539,BPL Limited
2020-02-11,21.200000762939453,21.549999237060547,19.700000762939453,20.0,20.0,114867,BPL Limited
2020-02-12,21.0,22.39999961853028,20.39999961853028,22.0,22.0,443205,BPL Limited
2020-02-13,21.89999961853028,23.299999237060547,21.25,22.14999961853028,22.14999961853028,271341,BPL Limited
2020-02-14,21.89999961853028,22.64999961853028,21.0,21.25,21.25,114089,BPL Limited
2020-02-17,21.39999961853028,21.950000762939453,20.39999961853028,20.950000762939453,20.950000762939453,65610,BPL Limited
2020-02-18,20.950000762939453,21.0,18.89999961853028,19.350000381469727,19.350000381469727,233705,BPL Limited
2020-02-19,19.700000762939453,19.850000381469727,19.39999961853028,19.600000381469727,19.600000381469727,85080,BPL Limited
2020-02-20,19.64999961853028,19.950000762939453,19.049999237060547,19.299999237060547,19.299999237060547,93699,BPL Limited
2020-02-24,19.0,19.200000762939453,18.049999237060547,18.200000762939453,18.200000762939453,87621,BPL Limited
2020-02-25,18.700000762939453,20.89999961853028,17.600000381469727,19.200000762939453,19.200000762939453,130756,BPL Limited
2020-02-26,18.850000381469727,19.25,18.350000381469727,18.5,18.5,62692,BPL Limited
2020-02-27,18.5,18.64999961853028,17.75,18.100000381469727,18.100000381469727,66776,BPL Limited
2020-02-28,17.75,17.950000762939453,16.799999237060547,16.899999618530273,16.899999618530273,79666,BPL Limited
2020-03-02,17.549999237060547,18.950000762939453,16.600000381469727,16.950000762939453,16.950000762939453,68237,BPL Limited
2020-03-03,17.200000762939453,17.649999618530273,16.450000762939453,16.799999237060547,16.799999237060547,91765,BPL Limited
2020-03-04,17.0,17.0,15.25,15.899999618530272,15.899999618530272,112719,BPL Limited
2020-03-05,16.649999618530273,16.950000762939453,15.949999809265137,16.450000762939453,16.450000762939453,76301,BPL Limited
2020-03-06,15.350000381469728,15.800000190734863,14.699999809265137,15.25,15.25,98471,BPL Limited
2020-03-09,15.0,15.0,13.850000381469728,14.25,14.25,94000,BPL Limited
2020-03-11,14.5,14.75,13.699999809265137,14.300000190734863,14.300000190734863,66159,BPL Limited
2020-03-12,13.75,13.75,11.949999809265137,12.100000381469728,12.100000381469728,122144,BPL Limited
2020-03-13,10.100000381469728,12.699999809265137,9.699999809265137,11.600000381469728,11.600000381469728,231993,BPL Limited
2020-03-16,11.649999618530272,11.649999618530272,10.600000381469728,10.850000381469728,10.850000381469728,74114,BPL Limited
2020-03-17,11.0,11.550000190734863,10.149999618530272,10.600000381469728,10.600000381469728,88561,BPL Limited
2020-03-18,11.0,11.199999809265137,9.550000190734863,9.550000190734863,9.550000190734863,104100,BPL Limited
2020-03-19,8.600000381469727,9.899999618530272,8.600000381469727,8.75,8.75,193673,BPL Limited
2020-03-20,9.100000381469728,9.600000381469728,8.800000190734863,9.600000381469728,9.600000381469728,110938,BPL Limited
2020-03-23,9.600000381469728,10.5,8.649999618530273,9.149999618530272,9.149999618530272,114896,BPL Limited
2020-03-24,9.949999809265137,9.949999809265137,8.399999618530273,9.050000190734863,9.050000190734863,80554,BPL Limited
2020-03-25,9.199999809265137,9.800000190734863,9.0,9.399999618530272,9.399999618530272,83309,BPL Limited
2020-03-26,9.5,10.25,9.199999809265137,9.949999809265137,9.949999809265137,105059,BPL Limited
2020-03-27,10.0,10.800000190734863,9.300000190734863,9.600000381469728,9.600000381469728,103968,BPL Limited
2020-03-30,9.5,10.25,9.050000190734863,10.050000190734863,10.050000190734863,92770,BPL Limited
2020-03-31,10.800000190734863,11.050000190734863,10.699999809265137,11.050000190734863,11.050000190734863,160163,BPL Limited
2020-04-01,11.649999618530272,12.149999618530272,11.600000381469728,12.149999618530272,12.149999618530272,60423,BPL Limited
2020-04-03,12.75,12.75,12.699999809265137,12.75,12.75,30433,BPL Limited
2020-04-07,13.350000381469728,13.350000381469728,13.350000381469728,13.350000381469728,13.350000381469728,14779,BPL Limited
2020-04-08,14.0,14.0,14.0,14.0,14.0,14650,BPL Limited
2020-04-09,14.699999809265137,14.699999809265137,14.699999809265137,14.699999809265137,14.699999809265137,14387,BPL Limited
2020-04-13,15.399999618530272,15.399999618530272,15.399999618530272,15.399999618530272,15.399999618530272,12031,BPL Limited
2020-04-15,16.149999618530273,16.149999618530273,16.149999618530273,16.149999618530273,16.149999618530273,14626,BPL Limited
2020-04-16,16.950000762939453,16.950000762939453,16.950000762939453,16.950000762939453,16.950000762939453,39721,BPL Limited
2020-04-17,17.75,17.75,17.75,17.75,17.75,11750,BPL Limited
2020-04-20,18.600000381469727,18.600000381469727,16.899999618530273,16.899999618530273,16.899999618530273,91681,BPL Limited
2020-04-21,16.100000381469727,16.100000381469727,16.100000381469727,16.100000381469727,16.100000381469727,7339,BPL Limited
2020-04-22,15.300000190734863,15.300000190734863,15.300000190734863,15.300000190734863,15.300000190734863,6703,BPL Limited
2020-04-23,15.550000190734863,16.049999237060547,15.550000190734863,16.049999237060547,16.049999237060547,61333,BPL Limited
2020-04-24,16.049999237060547,16.850000381469727,15.25,15.850000381469728,15.850000381469728,33985,BPL Limited
2020-04-27,16.600000381469727,16.600000381469727,15.100000381469728,15.600000381469728,15.600000381469728,33956,BPL Limited
2020-04-28,15.600000381469728,15.600000381469728,15.0,15.100000381469728,15.100000381469728,16576,BPL Limited
2020-04-29,15.5,15.5,14.550000190734863,15.100000381469728,15.100000381469728,16665,BPL Limited
2020-04-30,15.850000381469728,15.850000381469728,15.850000381469728,15.850000381469728,15.850000381469728,37990,BPL Limited
2020-05-04,16.5,16.5,15.100000381469728,15.350000381469728,15.350000381469728,33654,BPL Limited
2020-05-05,15.350000381469728,15.449999809265137,14.75,14.800000190734863,14.800000190734863,25080,BPL Limited
2020-05-06,15.399999618530272,15.399999618530272,14.300000190734863,14.449999809265137,14.449999809265137,11420,BPL Limited
2020-05-07,14.0,14.75,13.949999809265137,14.600000381469728,14.600000381469728,14634,BPL Limited
2020-05-08,14.600000381469728,14.75,14.199999809265137,14.449999809265137,14.449999809265137,8194,BPL Limited
2020-05-11,15.149999618530272,15.149999618530272,14.100000381469728,14.949999809265137,14.949999809265137,24833,BPL Limited
2020-05-12,15.0,15.100000381469728,14.300000190734863,14.5,14.5,18024,BPL Limited
2020-05-13,15.199999809265137,15.199999809265137,14.5,15.149999618530272,15.149999618530272,41976,BPL Limited
2020-05-14,15.25,15.600000381469728,14.699999809265137,15.449999809265137,15.449999809265137,12513,BPL Limited
2020-05-15,15.600000381469728,15.600000381469728,14.699999809265137,14.949999809265137,14.949999809265137,11458,BPL Limited
2020-05-18,14.949999809265137,14.949999809265137,14.300000190734863,14.300000190734863,14.300000190734863,10752,BPL Limited
2020-05-19,14.100000381469728,14.949999809265137,14.050000190734863,14.350000381469728,14.350000381469728,11929,BPL Limited
2020-05-20,14.0,14.5,14.0,14.300000190734863,14.300000190734863,4592,BPL Limited
2020-05-21,14.949999809265137,14.949999809265137,14.199999809265137,14.449999809265137,14.449999809265137,8169,BPL Limited
2020-05-22,14.600000381469728,14.800000190734863,14.199999809265137,14.649999618530272,14.649999618530272,11164,BPL Limited
2020-05-26,14.25,14.550000190734863,14.0,14.350000381469728,14.350000381469728,11208,BPL Limited
2020-05-27,14.899999618530272,14.899999618530272,14.050000190734863,14.550000190734863,14.550000190734863,20985,BPL Limited
2020-05-28,14.949999809265137,14.949999809265137,14.100000381469728,14.399999618530272,14.399999618530272,15116,BPL Limited
2020-05-29,14.399999618530272,14.949999809265137,14.100000381469728,14.350000381469728,14.350000381469728,24077,BPL Limited
2020-06-01,14.949999809265137,15.050000190734863,14.699999809265137,14.949999809265137,14.949999809265137,47031,BPL Limited
2020-06-02,14.949999809265137,15.649999618530272,14.949999809265137,15.649999618530272,15.649999618530272,82066,BPL Limited
2020-06-03,16.0,16.399999618530273,16.0,16.200000762939453,16.200000762939453,60307,BPL Limited
2020-06-04,16.299999237060547,16.700000762939453,15.399999618530272,15.699999809265137,15.699999809265137,54146,BPL Limited
2020-06-05,15.949999809265137,17.25,15.949999809265137,17.25,17.25,157518,BPL Limited
2020-06-08,17.399999618530273,18.200000762939453,15.550000190734863,17.149999618530273,17.149999618530273,144661,BPL Limited
2020-06-09,17.200000762939453,17.649999618530273,16.299999237060547,16.5,16.5,77109,BPL Limited
2020-06-10,17.399999618530273,17.399999618530273,16.100000381469727,16.75,16.75,51888,BPL Limited
2020-06-11,17.0,17.5,16.100000381469727,16.299999237060547,16.299999237060547,66393,BPL Limited
2020-06-12,15.5,16.5,15.100000381469728,16.0,16.0,65294,BPL Limited
2020-06-15,16.0,16.899999618530273,15.449999809265137,16.200000762939453,16.200000762939453,56821,BPL Limited
2020-06-16,16.700000762939453,17.399999618530273,16.0,16.149999618530273,16.149999618530273,152767,BPL Limited
2020-06-17,15.899999618530272,16.700000762939453,15.800000190734863,16.5,16.5,40985,BPL Limited
2020-06-18,17.200000762939453,17.399999618530273,14.850000381469728,17.0,17.0,141915,BPL Limited
2020-06-19,17.5,17.600000381469727,16.600000381469727,16.950000762939453,16.950000762939453,84378,BPL Limited
2020-06-22,17.75,18.600000381469727,17.25,18.600000381469727,18.600000381469727,186733,BPL Limited
2020-06-23,19.450000762939453,20.450000762939453,19.299999237060547,20.450000762939453,20.450000762939453,211091,BPL Limited
2020-06-24,22.200000762939453,22.450000762939453,22.200000762939453,22.450000762939453,22.450000762939453,210755,BPL Limited
2020-06-25,23.549999237060547,23.549999237060547,23.450000762939453,23.549999237060547,23.549999237060547,168035,BPL Limited
2020-06-26,24.700000762939453,24.700000762939453,24.700000762939453,24.700000762939453,24.700000762939453,52884,BPL Limited
2020-06-29,25.89999961853028,25.89999961853028,23.5,23.5,23.5,268475,BPL Limited
2020-06-30,22.350000381469727,22.350000381469727,22.350000381469727,22.350000381469727,22.350000381469727,29265,BPL Limited
2020-07-01,21.25,21.25,21.25,21.25,21.25,9963,BPL Limited
2020-07-02,20.200000762939453,20.200000762939453,20.200000762939453,20.200000762939453,20.200000762939453,20577,BPL Limited
2020-07-03,19.200000762939453,21.200000762939453,19.200000762939453,20.89999961853028,20.89999961853028,190758,BPL Limited
2020-07-06,20.799999237060547,20.850000381469727,19.89999961853028,20.0,20.0,88736,BPL Limited
2020-07-07,20.0,20.0,19.200000762939453,19.350000381469727,19.350000381469727,44512,BPL Limited
2020-07-08,19.350000381469727,19.64999961853028,18.450000762939453,18.799999237060547,18.799999237060547,28846,BPL Limited
2020-07-09,18.200000762939453,19.39999961853028,18.200000762939453,19.049999237060547,19.049999237060547,48572,BPL Limited
2020-07-10,19.5,19.5,18.25,18.799999237060547,18.799999237060547,31898,BPL Limited
2020-07-13,18.549999237060547,19.600000381469727,18.549999237060547,19.200000762939453,19.200000762939453,31552,BPL Limited
2020-07-14,19.200000762939453,19.200000762939453,18.350000381469727,18.600000381469727,18.600000381469727,16265,BPL Limited
2020-07-15,17.899999618530273,18.950000762939453,17.899999618530273,18.5,18.5,28228,BPL Limited
2020-07-16,18.5,18.950000762939453,17.600000381469727,17.850000381469727,17.850000381469727,36008,BPL Limited
2020-07-17,17.899999618530273,18.350000381469727,17.5,17.549999237060547,17.549999237060547,43138,BPL Limited
2020-07-20,17.549999237060547,18.049999237060547,16.799999237060547,17.649999618530273,17.649999618530273,22300,BPL Limited
2020-07-21,17.600000381469727,18.0,17.25,17.75,17.75,22339,BPL Limited
2020-07-22,18.049999237060547,18.39999961853028,17.700000762939453,18.0,18.0,23805,BPL Limited
2020-07-23,18.0,18.0,17.350000381469727,17.950000762939453,17.950000762939453,32309,BPL Limited
2020-07-24,17.950000762939453,17.950000762939453,17.100000381469727,17.700000762939453,17.700000762939453,20098,BPL Limited
2020-07-27,18.100000381469727,18.100000381469727,17.350000381469727,17.850000381469727,17.850000381469727,34522,BPL Limited
2020-07-28,17.25,17.950000762939453,17.25,17.75,17.75,30143,BPL Limited
2020-07-29,17.649999618530273,18.0,17.299999237060547,17.850000381469727,17.850000381469727,22180,BPL Limited
2020-07-30,17.950000762939453,17.950000762939453,17.100000381469727,17.5,17.5,22164,BPL Limited
2020-07-31,18.350000381469727,18.350000381469727,18.350000381469727,18.350000381469727,18.350000381469727,17211,BPL Limited
2020-08-03,19.25,19.25,19.25,19.25,19.25,17794,BPL Limited
2020-08-04,20.200000762939453,20.200000762939453,20.200000762939453,20.200000762939453,20.200000762939453,16172,BPL Limited
2020-08-05,21.200000762939453,21.200000762939453,19.700000762939453,20.299999237060547,20.299999237060547,106427,BPL Limited
2020-08-06,19.299999237060547,20.799999237060547,19.299999237060547,19.450000762939453,19.450000762939453,38894,BPL Limited
2020-08-07,19.5,20.0,18.64999961853028,19.75,19.75,22547,BPL Limited
2020-08-10,18.799999237060547,19.5,18.799999237060547,19.25,19.25,39239,BPL Limited
2020-08-11,19.25,20.200000762939453,19.200000762939453,20.14999961853028,20.14999961853028,81254,BPL Limited
2020-08-12,21.0,21.0,19.600000381469727,19.950000762939453,19.950000762939453,33956,BPL Limited
2020-08-13,20.0,20.5,19.549999237060547,19.89999961853028,19.89999961853028,19707,BPL Limited
2020-08-14,20.850000381469727,20.850000381469727,20.200000762939453,20.850000381469727,20.850000381469727,91112,BPL Limited
2020-08-17,21.39999961853028,21.39999961853028,19.89999961853028,20.75,20.75,56532,BPL Limited
2020-08-18,21.0,21.0,20.100000381469727,20.549999237060547,20.549999237060547,46212,BPL Limited
2020-08-19,20.89999961853028,21.549999237060547,20.200000762939453,21.549999237060547,21.549999237060547,128125,BPL Limited
2020-08-20,21.75,22.5,20.89999961853028,22.0,22.0,236985,BPL Limited
2020-08-21,22.700000762939453,23.100000381469727,21.600000381469727,22.850000381469727,22.850000381469727,156232,BPL Limited
2020-08-24,23.25,23.25,22.200000762939453,22.299999237060547,22.299999237060547,75551,BPL Limited
2020-08-25,22.600000381469727,22.799999237060547,21.200000762939453,21.350000381469727,21.350000381469727,69442,BPL Limited
2020-08-26,21.549999237060547,22.39999961853028,21.0,21.700000762939453,21.700000762939453,85228,BPL Limited
2020-08-27,22.14999961853028,22.14999961853028,21.39999961853028,21.700000762939453,21.700000762939453,50114,BPL Limited
2020-08-28,22.25,22.5,21.450000762939453,21.64999961853028,21.64999961853028,76398,BPL Limited
2020-08-31,21.64999961853028,22.25,20.600000381469727,20.600000381469727,20.600000381469727,109503,BPL Limited
2020-09-01,19.600000381469727,21.39999961853028,19.600000381469727,19.64999961853028,19.64999961853028,55902,BPL Limited
2020-09-02,19.549999237060547,19.950000762939453,18.700000762939453,19.049999237060547,19.049999237060547,68673,BPL Limited
2020-09-03,19.89999961853028,20.0,19.0,19.299999237060547,19.299999237060547,45576,BPL Limited
2020-09-04,19.299999237060547,19.75,18.350000381469727,18.950000762939453,18.950000762939453,46713,BPL Limited
2020-09-07,19.25,19.25,18.299999237060547,18.600000381469727,18.600000381469727,53213,BPL Limited
2020-09-08,18.600000381469727,19.200000762939453,18.299999237060547,18.5,18.5,30800,BPL Limited
2020-09-09,18.049999237060547,18.39999961853028,17.600000381469727,18.100000381469727,18.100000381469727,30847,BPL Limited
2020-09-10,18.950000762939453,18.950000762939453,17.549999237060547,17.950000762939453,17.950000762939453,29599,BPL Limited
2020-09-11,18.0,18.75,18.0,18.5,18.5,22176,BPL Limited
2020-09-14,18.549999237060547,19.39999961853028,18.200000762939453,19.200000762939453,19.200000762939453,47376,BPL Limited
2020-09-15,19.64999961853028,19.850000381469727,19.0,19.450000762939453,19.450000762939453,39330,BPL Limited
2020-09-16,19.850000381469727,19.850000381469727,19.0,19.25,19.25,25978,BPL Limited
2020-09-17,19.5,19.5,18.700000762939453,18.850000381469727,18.850000381469727,16293,BPL Limited
2020-09-18,18.850000381469727,19.450000762939453,18.450000762939453,18.64999961853028,18.64999961853028,18147,BPL Limited
2020-09-21,18.700000762939453,19.299999237060547,18.0,18.100000381469727,18.100000381469727,29196,BPL Limited
2020-09-22,18.0,18.0,17.200000762939453,17.5,17.5,32421,BPL Limited
2020-09-23,17.5,18.0,17.100000381469727,17.399999618530273,17.399999618530273,17696,BPL Limited
2020-09-24,16.549999237060547,17.450000762939453,16.549999237060547,16.600000381469727,16.600000381469727,38760,BPL Limited
2020-09-25,16.700000762939453,17.0,15.850000381469728,16.799999237060547,16.799999237060547,58870,BPL Limited
2020-09-28,17.600000381469727,17.600000381469727,16.600000381469727,17.600000381469727,17.600000381469727,54199,BPL Limited
2020-09-29,18.299999237060547,18.350000381469727,17.100000381469727,17.450000762939453,17.450000762939453,41266,BPL Limited
2020-09-30,17.450000762939453,18.299999237060547,17.450000762939453,18.299999237060547,18.299999237060547,28640,BPL Limited
2020-10-01,18.89999961853028,19.200000762939453,18.600000381469727,19.100000381469727,19.100000381469727,68741,BPL Limited
2020-10-05,19.200000762939453,19.700000762939453,18.600000381469727,18.75,18.75,30782,BPL Limited
2020-10-06,18.75,19.350000381469727,18.5,18.64999961853028,18.64999961853028,37801,BPL Limited
2020-10-07,18.700000762939453,19.200000762939453,18.299999237060547,18.600000381469727,18.600000381469727,25876,BPL Limited
2020-10-08,18.600000381469727,19.0,18.200000762939453,18.39999961853028,18.39999961853028,20487,BPL Limited
2020-10-09,18.5,18.5,18.0,18.25,18.25,23113,BPL Limited
2020-10-12,18.200000762939453,18.299999237060547,17.899999618530273,18.100000381469727,18.100000381469727,21220,BPL Limited
2020-10-13,18.0,18.799999237060547,17.299999237060547,18.39999961853028,18.39999961853028,19297,BPL Limited
2020-10-14,18.799999237060547,19.450000762939453,17.600000381469727,18.5,18.5,67388,BPL Limited
2020-10-15,19.200000762939453,19.200000762939453,17.899999618530273,17.950000762939453,17.950000762939453,33022,BPL Limited
2020-10-16,18.049999237060547,18.450000762939453,17.899999618530273,18.200000762939453,18.200000762939453,30524,BPL Limited
2020-10-19,18.25,18.450000762939453,17.950000762939453,18.25,18.25,25709,BPL Limited
2020-10-20,18.450000762939453,18.450000762939453,17.600000381469727,17.899999618530273,17.899999618530273,33795,BPL Limited
2020-10-21,18.0,18.0,17.450000762939453,17.649999618530273,17.649999618530273,37117,BPL Limited
2020-10-22,17.649999618530273,18.0,17.399999618530273,17.799999237060547,17.799999237060547,20772,BPL Limited
2020-10-23,18.299999237060547,18.299999237060547,17.549999237060547,17.950000762939453,17.950000762939453,33486,BPL Limited
2020-10-26,18.0,18.100000381469727,17.75,17.850000381469727,17.850000381469727,11026,BPL Limited
2020-10-27,17.75,17.899999618530273,17.549999237060547,17.600000381469727,17.600000381469727,16451,BPL Limited
2020-10-28,17.450000762939453,17.899999618530273,17.149999618530273,17.299999237060547,17.299999237060547,18898,BPL Limited
2020-10-29,17.350000381469727,17.899999618530273,17.0,17.450000762939453,17.450000762939453,35576,BPL Limited
2020-10-30,17.700000762939453,17.75,17.149999618530273,17.350000381469727,17.350000381469727,20485,BPL Limited
2020-11-02,17.950000762939453,17.950000762939453,17.049999237060547,17.100000381469727,17.100000381469727,22108,BPL Limited
2020-11-03,17.200000762939453,18.200000762939453,17.100000381469727,17.5,17.5,22571,BPL Limited
2020-11-04,17.450000762939453,17.5,17.100000381469727,17.149999618530273,17.149999618530273,10234,BPL Limited
2020-11-05,17.350000381469727,17.549999237060547,17.200000762939453,17.399999618530273,17.399999618530273,22964,BPL Limited
2020-11-06,17.200000762939453,17.649999618530273,17.200000762939453,17.299999237060547,17.299999237060547,17143,BPL Limited
2020-11-09,17.600000381469727,17.600000381469727,17.149999618530273,17.25,17.25,19533,BPL Limited
2020-11-10,17.5,17.600000381469727,17.299999237060547,17.450000762939453,17.450000762939453,15427,BPL Limited
2020-11-11,17.549999237060547,19.14999961853028,16.600000381469727,18.700000762939453,18.700000762939453,96118,BPL Limited
2020-11-12,19.450000762939453,20.5,18.600000381469727,19.64999961853028,19.64999961853028,476835,BPL Limited
2020-11-13,19.600000381469727,20.5,19.0,19.64999961853028,19.64999961853028,179640,BPL Limited
2020-11-14,18.75,19.950000762939453,18.75,19.350000381469727,19.350000381469727,19374,BPL Limited
2020-11-17,19.850000381469727,21.25,19.200000762939453,21.25,21.25,563390,BPL Limited
2020-11-18,20.600000381469727,21.299999237060547,20.0,20.549999237060547,20.549999237060547,228195,BPL Limited
2020-11-19,20.5,20.850000381469727,19.64999961853028,20.14999961853028,20.14999961853028,89097,BPL Limited
2020-11-20,20.049999237060547,21.64999961853028,19.75,20.549999237060547,20.549999237060547,295158,BPL Limited
2020-11-23,20.850000381469727,22.600000381469727,19.850000381469727,22.5,22.5,590862,BPL Limited
2020-11-24,23.89999961853028,24.5,22.549999237060547,23.0,23.0,985535,BPL Limited
2020-11-25,23.0,23.39999961853028,22.049999237060547,22.14999961853028,22.14999961853028,146683,BPL Limited
2020-11-26,22.600000381469727,22.850000381469727,21.549999237060547,22.5,22.5,153584,BPL Limited
2020-11-27,24.0,24.0,23.049999237060547,23.39999961853028,23.39999961853028,415397,BPL Limited
2020-12-01,23.700000762939453,25.700000762939453,22.89999961853028,25.700000762939453,25.700000762939453,929343,BPL Limited
2020-12-02,25.89999961853028,26.0,24.450000762939453,24.700000762939453,24.700000762939453,396129,BPL Limited
2020-12-03,24.64999961853028,25.14999961853028,24.100000381469727,24.799999237060547,24.799999237060547,144675,BPL Limited
2020-12-04,25.049999237060547,25.14999961853028,24.5,24.549999237060547,24.549999237060547,132450,BPL Limited
2020-12-07,24.299999237060547,25.0,24.200000762939453,24.450000762939453,24.450000762939453,101181,BPL Limited
2020-12-08,25.14999961853028,25.14999961853028,23.25,23.64999961853028,23.64999961853028,166787,BPL Limited
2020-12-09,24.0,24.25,23.549999237060547,23.850000381469727,23.850000381469727,110144,BPL Limited
2020-12-10,23.850000381469727,23.850000381469727,22.850000381469727,23.100000381469727,23.100000381469727,72432,BPL Limited
2020-12-11,23.100000381469727,23.75,22.600000381469727,22.799999237060547,22.799999237060547,74757,BPL Limited
2020-12-14,22.799999237060547,23.39999961853028,22.5,23.049999237060547,23.049999237060547,75148,BPL Limited
2020-12-15,23.799999237060547,23.799999237060547,22.200000762939453,23.100000381469727,23.100000381469727,84681,BPL Limited
2020-12-16,23.14999961853028,23.950000762939453,23.049999237060547,23.14999961853028,23.14999961853028,101769,BPL Limited
2020-12-17,23.14999961853028,23.549999237060547,22.600000381469727,22.75,22.75,74283,BPL Limited
2020-12-18,22.950000762939453,23.350000381469727,22.799999237060547,22.89999961853028,22.89999961853028,71727,BPL Limited
2020-12-21,23.0,23.450000762939453,21.799999237060547,21.799999237060547,21.799999237060547,93270,BPL Limited
2020-12-22,20.799999237060547,21.950000762939453,20.75,21.299999237060547,21.299999237060547,102388,BPL Limited
2020-12-23,21.299999237060547,22.350000381469727,21.0,22.350000381469727,22.350000381469727,71689,BPL Limited
2020-12-24,23.0,23.0,21.600000381469727,22.0,22.0,74165,BPL Limited
2020-12-28,22.0,22.64999961853028,21.89999961853028,22.14999961853028,22.14999961853028,75099,BPL Limited
2020-12-29,22.5,22.5,21.200000762939453,21.89999961853028,21.89999961853028,56496,BPL Limited
2020-12-30,21.600000381469727,22.350000381469727,21.600000381469727,21.89999961853028,21.89999961853028,47704,BPL Limited
2020-12-31,22.299999237060547,22.950000762939453,21.799999237060547,22.950000762939453,22.950000762939453,149753,BPL Limited
2021-01-01,23.0,23.39999961853028,21.850000381469727,22.5,22.5,239511,BPL Limited
2021-01-04,22.799999237060547,23.549999237060547,22.25,23.450000762939453,23.450000762939453,188581,BPL Limited
2021-01-05,23.25,23.700000762939453,23.0,23.25,23.25,142577,BPL Limited
2021-01-06,23.700000762939453,23.89999961853028,23.100000381469727,23.5,23.5,139321,BPL Limited
2021-01-07,23.700000762939453,24.5,23.5,24.0,24.0,196020,BPL Limited
2021-01-08,24.200000762939453,24.600000381469727,23.299999237060547,23.64999961853028,23.64999961853028,97145,BPL Limited
2021-01-11,23.64999961853028,24.799999237060547,22.600000381469727,23.100000381469727,23.100000381469727,150021,BPL Limited
2021-01-12,23.25,24.200000762939453,23.049999237060547,23.450000762939453,23.450000762939453,129090,BPL Limited
2021-01-13,23.049999237060547,24.0,23.049999237060547,23.200000762939453,23.200000762939453,93035,BPL Limited
2021-01-14,23.64999961853028,23.64999961853028,23.100000381469727,23.299999237060547,23.299999237060547,39821,BPL Limited
2021-01-15,23.64999961853028,23.64999961853028,22.64999961853028,22.850000381469727,22.850000381469727,46552,BPL Limited
2021-01-18,22.89999961853028,23.39999961853028,22.100000381469727,22.299999237060547,22.299999237060547,58529,BPL Limited
2021-01-19,22.5,23.299999237060547,22.200000762939453,22.850000381469727,22.850000381469727,73211,BPL Limited
2021-01-20,23.299999237060547,23.299999237060547,22.39999961853028,22.450000762939453,22.450000762939453,76996,BPL Limited
2021-01-21,22.39999961853028,22.700000762939453,22.049999237060547,22.350000381469727,22.350000381469727,61370,BPL Limited
2021-01-22,22.350000381469727,22.350000381469727,21.600000381469727,21.64999961853028,21.64999961853028,46975,BPL Limited
2021-01-25,21.700000762939453,22.0,20.700000762939453,20.850000381469727,20.850000381469727,47778,BPL Limited
2021-01-27,21.14999961853028,21.14999961853028,20.14999961853028,20.25,20.25,39503,BPL Limited
2021-01-28,20.200000762939453,21.25,19.75,21.25,21.25,98807,BPL Limited
2021-01-29,21.600000381469727,21.75,20.89999961853028,21.0,21.0,47553,BPL Limited
2021-02-01,21.5,21.75,20.89999961853028,21.299999237060547,21.299999237060547,43820,BPL Limited
2021-02-02,21.850000381469727,21.850000381469727,20.950000762939453,21.049999237060547,21.049999237060547,50995,BPL Limited
2021-02-03,21.299999237060547,21.299999237060547,20.64999961853028,21.049999237060547,21.049999237060547,55276,BPL Limited
2021-02-04,21.049999237060547,21.049999237060547,20.799999237060547,20.89999961853028,20.89999961853028,60088,BPL Limited
2021-02-05,22.700000762939453,22.950000762939453,22.25,22.950000762939453,22.950000762939453,234432,BPL Limited
2021-02-08,23.89999961853028,24.200000762939453,22.700000762939453,23.049999237060547,23.049999237060547,199290,BPL Limited
2021-02-09,23.049999237060547,23.100000381469727,22.100000381469727,22.450000762939453,22.450000762939453,73088,BPL Limited
2021-02-10,22.299999237060547,22.950000762939453,22.0,22.200000762939453,22.200000762939453,64729,BPL Limited
2021-02-11,22.89999961853028,23.049999237060547,21.299999237060547,21.64999961853028,21.64999961853028,133349,BPL Limited
2021-02-12,21.39999961853028,21.89999961853028,21.299999237060547,21.39999961853028,21.39999961853028,61496,BPL Limited
2021-02-15,20.89999961853028,22.299999237060547,20.89999961853028,21.700000762939453,21.700000762939453,76770,BPL Limited
2021-02-16,21.5,22.049999237060547,21.0,21.75,21.75,52309,BPL Limited
2021-02-17,21.89999961853028,22.200000762939453,21.299999237060547,21.799999237060547,21.799999237060547,72368,BPL Limited
2021-02-18,21.64999961853028,22.299999237060547,21.64999961853028,21.950000762939453,21.950000762939453,63681,BPL Limited
2021-02-19,21.799999237060547,22.200000762939453,21.5,21.64999961853028,21.64999961853028,50299,BPL Limited
2021-02-22,21.600000381469727,21.799999237060547,20.549999237060547,20.850000381469727,20.850000381469727,67925,BPL Limited
2021-02-23,21.0,21.200000762939453,20.600000381469727,20.799999237060547,20.799999237060547,65963,BPL Limited
2021-02-24,21.0,21.64999961853028,20.049999237060547,20.700000762939453,20.700000762939453,64328,BPL Limited
2021-02-25,21.0,21.799999237060547,20.950000762939453,21.100000381469727,21.100000381469727,106409,BPL Limited
2021-02-26,20.700000762939453,22.0,20.64999961853028,21.0,21.0,135440,BPL Limited
2021-03-01,21.350000381469727,21.700000762939453,20.64999961853028,21.0,21.0,94577,BPL Limited
2021-03-02,21.600000381469727,23.100000381469727,20.75,23.100000381469727,23.100000381469727,197060,BPL Limited
2021-03-03,24.100000381469727,25.39999961853028,23.049999237060547,25.350000381469727,25.350000381469727,1186036,BPL Limited
2021-03-04,24.850000381469727,26.450000762939453,23.600000381469727,25.549999237060547,25.549999237060547,600714,BPL Limited
2021-03-05,25.89999961853028,28.100000381469727,24.14999961853028,28.100000381469727,28.100000381469727,895332,BPL Limited
2021-03-08,28.5,29.5,27.100000381469727,27.950000762939453,27.950000762939453,841200,BPL Limited
2021-03-09,28.100000381469727,28.89999961853028,26.799999237060547,27.049999237060547,27.049999237060547,315697,BPL Limited
2021-03-10,27.75,27.75,26.549999237060547,26.64999961853028,26.64999961853028,116906,BPL Limited
2021-03-12,26.64999961853028,27.950000762939453,26.64999961853028,27.950000762939453,27.950000762939453,292386,BPL Limited
2021-03-15,27.850000381469727,28.200000762939453,26.600000381469727,26.950000762939453,26.950000762939453,214256,BPL Limited
2021-03-16,27.299999237060547,27.299999237060547,26.0,26.049999237060547,26.049999237060547,89028,BPL Limited
2021-03-17,26.5,27.25,26.25,26.549999237060547,26.549999237060547,144755,BPL Limited
2021-03-18,27.0,27.0,25.299999237060547,25.39999961853028,25.39999961853028,97305,BPL Limited
2021-03-19,25.39999961853028,25.39999961853028,24.14999961853028,24.39999961853028,24.39999961853028,116357,BPL Limited
2021-03-22,24.850000381469727,25.600000381469727,24.200000762939453,25.0,25.0,123375,BPL Limited
2021-03-23,25.700000762939453,25.700000762939453,24.549999237060547,24.850000381469727,24.850000381469727,98134,BPL Limited
2021-03-24,25.0,25.0,23.64999961853028,23.64999961853028,23.64999961853028,81095,BPL Limited
2021-03-25,23.14999961853028,23.850000381469727,22.5,22.5,22.5,120632,BPL Limited
2021-03-26,22.950000762939453,23.600000381469727,21.39999961853028,21.75,21.75,215482,BPL Limited
2021-03-30,22.200000762939453,22.600000381469727,21.950000762939453,22.299999237060547,22.299999237060547,139267,BPL Limited
2021-03-31,21.75,23.0,21.75,22.75,22.75,47571,BPL Limited
2021-04-01,22.75,23.850000381469727,22.75,23.850000381469727,23.850000381469727,65625,BPL Limited
2021-04-05,23.850000381469727,23.850000381469727,22.850000381469727,23.450000762939453,23.450000762939453,76252,BPL Limited
2021-04-06,24.5,24.5,23.0,23.100000381469727,23.100000381469727,62467,BPL Limited
2021-04-07,23.100000381469727,23.700000762939453,23.100000381469727,23.200000762939453,23.200000762939453,33742,BPL Limited
2021-04-08,24.299999237060547,24.549999237060547,21.200000762939453,23.39999961853028,23.39999961853028,94139,BPL Limited
2021-04-09,23.850000381469727,23.850000381469727,23.100000381469727,23.350000381469727,23.350000381469727,45086,BPL Limited
2021-04-12,23.200000762939453,23.200000762939453,21.549999237060547,21.850000381469727,21.850000381469727,77731,BPL Limited
2021-04-13,22.299999237060547,22.600000381469727,21.850000381469727,22.450000762939453,22.450000762939453,41685,BPL Limited
2021-04-15,22.049999237060547,23.14999961853028,21.89999961853028,22.350000381469727,22.350000381469727,37242,BPL Limited
2021-04-16,22.850000381469727,23.200000762939453,22.450000762939453,22.89999961853028,22.89999961853028,43282,BPL Limited
2021-04-19,22.5,23.0,22.0,22.350000381469727,22.350000381469727,78492,BPL Limited
2021-04-20,22.450000762939453,24.549999237060547,22.200000762939453,24.549999237060547,24.549999237060547,167064,BPL Limited
2021-04-22,25.950000762939453,27.0,25.39999961853028,27.0,27.0,498427,BPL Limited
2021-04-23,28.799999237060547,29.700000762939453,26.450000762939453,29.700000762939453,29.700000762939453,794258,BPL Limited
2021-04-26,31.14999961853028,31.14999961853028,31.14999961853028,31.14999961853028,31.14999961853028,70708,BPL Limited
2021-04-27,32.70000076293945,32.70000076293945,32.70000076293945,32.70000076293945,32.70000076293945,46365,BPL Limited
2021-04-28,34.29999923706055,34.29999923706055,34.29999923706055,34.29999923706055,34.29999923706055,93941,BPL Limited
2021-04-29,36.0,36.0,36.0,36.0,36.0,119852,BPL Limited
2021-04-30,34.54999923706055,37.79999923706055,34.20000076293945,34.20000076293945,34.20000076293945,1396601,BPL Limited
2021-05-03,32.650001525878906,34.5,32.5,32.5,32.5,351477,BPL Limited
2021-05-04,33.20000076293945,33.95000076293945,30.89999961853028,30.89999961853028,30.89999961853028,236167,BPL Limited
2021-05-05,31.0,31.0,29.39999961853028,29.39999961853028,29.39999961853028,192377,BPL Limited
2021-05-06,28.75,30.850000381469727,28.25,30.850000381469727,30.850000381469727,160245,BPL Limited
2021-05-07,32.29999923706055,32.349998474121094,31.5,32.349998474121094,32.349998474121094,102508,BPL Limited
2021-05-10,33.95000076293945,33.95000076293945,33.95000076293945,33.95000076293945,33.95000076293945,34707,BPL Limited
2021-05-11,34.70000076293945,35.599998474121094,32.29999923706055,35.599998474121094,35.599998474121094,932581,BPL Limited
2021-05-12,37.34999847412109,37.34999847412109,37.34999847412109,37.34999847412109,37.34999847412109,93566,BPL Limited
2021-05-14,39.20000076293945,39.20000076293945,36.09999847412109,39.20000076293945,39.20000076293945,1620391,BPL Limited
2021-05-17,40.25,41.150001525878906,37.25,37.29999923706055,37.29999923706055,894645,BPL Limited
2021-05-18,37.400001525878906,38.900001525878906,37.0,37.5,37.5,245706,BPL Limited
2021-05-19,37.900001525878906,38.09999847412109,36.04999923706055,36.5,36.5,232706,BPL Limited
2021-05-20,37.70000076293945,37.70000076293945,35.0,35.54999923706055,35.54999923706055,189869,BPL Limited
2021-05-21,36.5,37.29999923706055,35.650001525878906,37.29999923706055,37.29999923706055,219504,BPL Limited
2021-05-24,37.34999847412109,37.900001525878906,36.0,37.0,37.0,233762,BPL Limited
2021-05-25,37.5,37.75,36.09999847412109,36.29999923706055,36.29999923706055,143252,BPL Limited
2021-05-26,36.0,36.54999923706055,35.0,35.349998474121094,35.349998474121094,165903,BPL Limited
2021-05-27,36.20000076293945,36.20000076293945,35.0,35.400001525878906,35.400001525878906,134939,BPL Limited
2021-05-28,35.45000076293945,35.900001525878906,34.099998474121094,34.25,34.25,149076,BPL Limited
2021-05-31,35.45000076293945,35.54999923706055,34.400001525878906,35.099998474121094,35.099998474121094,180896,BPL Limited
2021-06-01,35.099998474121094,35.849998474121094,34.0,34.20000076293945,34.20000076293945,99886,BPL Limited
2021-06-02,35.400001525878906,35.400001525878906,33.599998474121094,34.45000076293945,34.45000076293945,66302,BPL Limited
2021-06-03,35.5,35.849998474121094,34.150001525878906,35.29999923706055,35.29999923706055,180409,BPL Limited
2021-06-04,35.849998474121094,35.849998474121094,34.5,34.650001525878906,34.650001525878906,121240,BPL Limited
2021-06-07,35.70000076293945,38.0,35.0,36.59999847412109,36.59999847412109,677243,BPL Limited
2021-06-08,37.04999923706055,37.5,35.70000076293945,36.45000076293945,36.45000076293945,133596,BPL Limited
2021-06-09,36.0,36.70000076293945,34.0,34.650001525878906,34.650001525878906,210059,BPL Limited
2021-06-10,35.79999923706055,37.0,35.0,36.04999923706055,36.04999923706055,220459,BPL Limited
2021-06-11,36.75,36.75,35.400001525878906,35.599998474121094,35.599998474121094,179686,BPL Limited
2021-06-14,36.900001525878906,36.900001525878906,35.400001525878906,36.25,36.25,297933,BPL Limited
2021-06-15,36.5,36.650001525878906,35.0,35.25,35.25,235919,BPL Limited
2021-06-16,35.400001525878906,36.650001525878906,34.95000076293945,35.20000076293945,35.20000076293945,293152,BPL Limited
2021-06-17,35.20000076293945,35.79999923706055,34.95000076293945,35.150001525878906,35.150001525878906,55338,BPL Limited
2021-06-18,35.150001525878906,35.349998474121094,32.900001525878906,33.95000076293945,33.95000076293945,160258,BPL Limited
2021-06-21,33.79999923706055,35.54999923706055,32.79999923706055,35.04999923706055,35.04999923706055,144483,BPL Limited
2021-06-22,35.5,35.79999923706055,34.599998474121094,34.75,34.75,118557,BPL Limited
2021-06-23,35.29999923706055,35.29999923706055,34.0,34.29999923706055,34.29999923706055,109888,BPL Limited
2021-06-24,35.900001525878906,37.70000076293945,35.29999923706055,37.70000076293945,37.70000076293945,1537510,BPL Limited
2021-06-25,39.79999923706055,41.400001525878906,38.0,38.5,38.5,1843571,BPL Limited
2021-06-28,38.5,39.0,37.0,37.650001525878906,37.650001525878906,282755,BPL Limited
2021-06-29,37.5,40.400001525878906,36.20000076293945,37.150001525878906,37.150001525878906,1135979,BPL Limited
2021-06-30,37.0,37.150001525878906,35.5,35.599998474121094,35.599998474121094,293278,BPL Limited
2021-07-01,35.599998474121094,36.45000076293945,35.20000076293945,35.79999923706055,35.79999923706055,163121,BPL Limited
2021-07-02,36.0,37.5,35.349998474121094,36.900001525878906,36.900001525878906,260853,BPL Limited
2021-07-05,37.70000076293945,39.79999923706055,36.900001525878906,38.95000076293945,38.95000076293945,750080,BPL Limited
2021-07-06,39.0,39.400001525878906,37.09999847412109,37.5,37.5,310333,BPL Limited
2021-07-07,37.5,38.29999923706055,37.09999847412109,37.95000076293945,37.95000076293945,137145,BPL Limited
2021-07-08,38.95000076293945,39.0,36.900001525878906,37.20000076293945,37.20000076293945,200081,BPL Limited
2021-07-09,39.0,39.09999847412109,38.09999847412109,38.34999847412109,38.34999847412109,427040,BPL Limited
2021-07-12,39.400001525878906,42.150001525878906,38.34999847412109,41.95000076293945,41.95000076293945,1723538,BPL Limited
2021-07-13,42.650001525878906,44.0,38.20000076293945,42.0,42.0,914359,BPL Limited
2021-07-14,42.0,42.650001525878906,39.900001525878906,40.650001525878906,40.650001525878906,248389,BPL Limited
2021-07-15,40.70000076293945,40.84999847412109,38.900001525878906,39.150001525878906,39.150001525878906,173421,BPL Limited
2021-07-16,38.900001525878906,42.75,38.900001525878906,41.95000076293945,41.95000076293945,550720,BPL Limited
2021-07-19,41.54999923706055,42.400001525878906,40.54999923706055,41.09999847412109,41.09999847412109,210770,BPL Limited
2021-07-20,41.09999847412109,41.400001525878906,38.400001525878906,39.54999923706055,39.54999923706055,188009,BPL Limited
2021-07-22,39.95000076293945,41.20000076293945,39.34999847412109,39.95000076293945,39.95000076293945,229458,BPL Limited
2021-07-23,39.29999923706055,43.900001525878906,39.29999923706055,43.900001525878906,43.900001525878906,807306,BPL Limited
2021-07-26,42.84999847412109,43.79999923706055,41.400001525878906,41.59999847412109,41.59999847412109,491105,BPL Limited
2021-07-27,41.900001525878906,42.70000076293945,39.5,40.150001525878906,40.150001525878906,255653,BPL Limited
2021-07-28,40.5,40.79999923706055,38.0,39.34999847412109,39.34999847412109,267019,BPL Limited
2021-07-29,39.75,42.0,38.650001525878906,39.150001525878906,39.150001525878906,215689,BPL Limited
2021-07-30,39.400001525878906,40.45000076293945,38.900001525878906,39.25,39.25,134786,BPL Limited
2021-08-02,40.0,40.0,39.09999847412109,39.400001525878906,39.400001525878906,84353,BPL Limited
2021-08-03,40.0,41.5,39.5,41.0,41.0,412782,BPL Limited
2021-08-04,41.0,42.5,39.5,39.70000076293945,39.70000076293945,160579,BPL Limited
2021-08-05,40.75,40.75,38.54999923706055,38.75,38.75,128852,BPL Limited
2021-08-06,39.25,39.25,37.75,37.900001525878906,37.900001525878906,240338,BPL Limited
2021-08-09,37.900001525878906,39.20000076293945,37.20000076293945,37.34999847412109,37.34999847412109,133494,BPL Limited
2021-08-10,37.95000076293945,38.25,35.099998474121094,36.04999923706055,36.04999923706055,122364,BPL Limited
2021-08-11,36.04999923706055,36.650001525878906,33.25,34.650001525878906,34.650001525878906,150076,BPL Limited
2021-08-12,35.400001525878906,36.5,35.0,35.70000076293945,35.70000076293945,63626,BPL Limited
2021-08-13,36.04999923706055,37.54999923706055,35.25,36.59999847412109,36.59999847412109,125980,BPL Limited
2021-08-16,36.04999923706055,36.45000076293945,34.79999923706055,35.650001525878906,35.650001525878906,57296,BPL Limited
2021-08-17,36.29999923706055,36.5,34.400001525878906,34.79999923706055,34.79999923706055,51498,BPL Limited
2021-08-18,34.599998474121094,35.0,33.400001525878906,33.900001525878906,33.900001525878906,60493,BPL Limited
2021-08-20,33.0,34.400001525878906,32.95000076293945,33.20000076293945,33.20000076293945,62718,BPL Limited
2021-08-23,33.349998474121094,33.849998474121094,30.100000381469727,31.200000762939453,31.200000762939453,105841,BPL Limited
2021-08-24,31.39999961853028,32.900001525878906,31.100000381469727,32.70000076293945,32.70000076293945,48372,BPL Limited
2021-08-25,33.25,33.45000076293945,31.39999961853028,32.150001525878906,32.150001525878906,57853,BPL Limited
2021-08-26,31.549999237060547,33.45000076293945,31.549999237060547,32.599998474121094,32.599998474121094,42483,BPL Limited
2021-08-27,34.0,35.849998474121094,33.5,35.849998474121094,35.849998474121094,272916,BPL Limited
2021-08-30,39.400001525878906,39.400001525878906,39.400001525878906,39.400001525878906,39.400001525878906,67890,BPL Limited
2021-08-31,43.29999923706055,43.29999923706055,43.29999923706055,43.29999923706055,43.29999923706055,135417,BPL Limited
2021-09-01,45.45000076293945,45.45000076293945,45.45000076293945,45.45000076293945,45.45000076293945,94226,BPL Limited
2021-09-02,47.70000076293945,47.70000076293945,47.70000076293945,47.70000076293945,47.70000076293945,95395,BPL Limited
2021-09-03,50.04999923706055,50.04999923706055,47.70000076293945,50.04999923706055,50.04999923706055,2423905,BPL Limited
2021-09-06,52.54999923706055,52.54999923706055,52.54999923706055,52.54999923706055,52.54999923706055,60462,BPL Limited
2021-09-07,55.150001525878906,55.150001525878906,55.150001525878906,55.150001525878906,55.150001525878906,84934,BPL Limited
2021-09-08,57.900001525878906,57.900001525878906,55.5,57.900001525878906,57.900001525878906,846218,BPL Limited
2021-09-09,60.75,60.75,60.75,60.75,60.75,104847,BPL Limited
2021-09-13,63.75,63.75,63.75,63.75,63.75,39756,BPL Limited
2021-09-14,66.9000015258789,66.9000015258789,66.9000015258789,66.9000015258789,66.9000015258789,43636,BPL Limited
2021-09-15,70.19999694824219,70.19999694824219,70.19999694824219,70.19999694824219,70.19999694824219,109617,BPL Limited
2021-09-16,73.69999694824219,73.69999694824219,73.69999694824219,73.69999694824219,73.69999694824219,75496,BPL Limited
2021-09-17,77.3499984741211,77.3499984741211,70.05000305175781,77.3499984741211,77.3499984741211,1274771,BPL Limited
2021-09-20,77.3499984741211,81.19999694824219,73.5,81.19999694824219,81.19999694824219,462001,BPL Limited
2021-09-21,85.25,85.25,85.25,85.25,85.25,77267,BPL Limited
2021-09-22,89.5,89.5,89.5,89.5,89.5,65725,BPL Limited
2021-09-23,93.9499969482422,93.9499969482422,93.9499969482422,93.9499969482422,93.9499969482422,44819,BPL Limited
2021-09-24,98.5999984741211,98.5999984741211,95.8499984741211,98.5999984741211,98.5999984741211,593401,BPL Limited
2021-09-27,103.5,103.5,102.0,103.5,103.5,207313,BPL Limited
2021-09-28,108.6500015258789,108.6500015258789,108.6500015258789,108.6500015258789,108.6500015258789,256519,BPL Limited
2021-09-29,114.0500030517578,114.0500030517578,109.0500030517578,114.0500030517578,114.0500030517578,412072,BPL Limited
2021-09-30,119.75,119.75,119.75,119.75,119.75,76742,BPL Limited
2021-10-01,125.6999969482422,125.6999969482422,125.6999969482422,125.6999969482422,125.6999969482422,57774,BPL Limited
2021-10-04,131.9499969482422,131.9499969482422,131.9499969482422,131.9499969482422,131.9499969482422,52677,BPL Limited
2021-10-05,138.5,138.5,138.5,138.5,138.5,76509,BPL Limited
2021-10-06,145.39999389648438,145.39999389648438,142.64999389648438,145.39999389648438,145.39999389648438,413116,BPL Limited
2021-10-07,152.64999389648438,152.64999389648438,152.64999389648438,152.64999389648438,152.64999389648438,48972,BPL Limited
2021-10-08,160.25,160.25,160.25,160.25,160.25,42032,BPL Limited
2021-10-11,168.25,168.25,168.25,168.25,168.25,32340,BPL Limited
2021-10-12,176.64999389648438,176.64999389648438,159.85000610351562,159.85000610351562,159.85000610351562,383807,BPL Limited
2021-10-13,151.89999389648438,151.89999389648438,151.89999389648438,151.89999389648438,151.89999389648438,44396,BPL Limited
2021-10-14,144.35000610351562,144.35000610351562,144.35000610351562,144.35000610351562,144.35000610351562,31962,BPL Limited
2021-10-18,137.14999389648438,137.14999389648438,137.14999389648438,137.14999389648438,137.14999389648438,30101,BPL Limited
2021-10-19,130.3000030517578,130.3000030517578,130.3000030517578,130.3000030517578,130.3000030517578,14359,BPL Limited
2021-10-20,123.8000030517578,123.8000030517578,123.8000030517578,123.8000030517578,123.8000030517578,12205,BPL Limited
2021-10-21,117.6500015258789,117.6500015258789,117.6500015258789,117.6500015258789,117.6500015258789,11025,BPL Limited
2021-10-22,111.8000030517578,111.8000030517578,111.8000030517578,111.8000030517578,111.8000030517578,26934,BPL Limited
2021-10-25,106.25,106.25,106.25,106.25,106.25,14863,BPL Limited
2021-10-26,100.9499969482422,100.9499969482422,100.9499969482422,100.9499969482422,100.9499969482422,22729,BPL Limited
2021-10-27,95.9499969482422,105.9499969482422,95.9499969482422,105.9499969482422,105.9499969482422,976164,BPL Limited
2021-10-28,104.0999984741211,104.0999984741211,100.6999969482422,100.6999969482422,100.6999969482422,167680,BPL Limited
2021-10-29,95.6999969482422,95.6999969482422,95.6999969482422,95.6999969482422,95.6999969482422,22492,BPL Limited
2021-11-01,90.9499969482422,99.9000015258789,90.9499969482422,94.4499969482422,94.4499969482422,1283866,BPL Limited
2021-11-02,89.75,89.75,89.75,89.75,89.75,143632,BPL Limited
2021-11-03,85.30000305175781,92.0,85.30000305175781,87.25,87.25,764679,BPL Limited
2021-11-04,87.0,87.25,82.9000015258789,82.9000015258789,82.9000015258789,111498,BPL Limited
2021-11-08,80.0999984741211,83.69999694824219,78.80000305175781,78.80000305175781,78.80000305175781,465559,BPL Limited
2021-11-09,76.05000305175781,82.69999694824219,75.55000305175781,82.69999694824219,82.69999694824219,455809,BPL Limited
2021-11-10,84.94999694824219,86.80000305175781,81.0,86.44999694824219,86.44999694824219,368569,BPL Limited
2021-11-11,85.94999694824219,88.0,82.1500015258789,82.6500015258789,82.6500015258789,240868,BPL Limited
2021-11-12,82.0,82.5999984741211,78.55000305175781,78.55000305175781,78.55000305175781,235850,BPL Limited
2021-11-15,77.5999984741211,78.3499984741211,74.6500015258789,74.6500015258789,74.6500015258789,124977,BPL Limited
2021-11-16,70.94999694824219,78.3499984741211,70.94999694824219,76.19999694824219,76.19999694824219,460796,BPL Limited
2021-11-17,75.9000015258789,75.9000015258789,72.4000015258789,72.4000015258789,72.4000015258789,156077,BPL Limited
2021-11-18,70.25,73.9000015258789,68.80000305175781,68.80000305175781,68.80000305175781,149643,BPL Limited
2021-11-22,66.19999694824219,68.0,65.4000015258789,65.4000015258789,65.4000015258789,119435,BPL Limited
2021-11-23,62.150001525878906,68.6500015258789,62.150001525878906,68.6500015258789,68.6500015258789,286612,BPL Limited
2021-11-24,71.4000015258789,72.05000305175781,70.5,72.05000305175781,72.05000305175781,62437,BPL Limited
2021-11-25,75.1500015258789,75.6500015258789,68.5,75.6500015258789,75.6500015258789,313125,BPL Limited
2021-11-26,74.0,79.4000015258789,73.05000305175781,79.4000015258789,79.4000015258789,264582,BPL Limited
2021-11-29,82.9000015258789,82.9000015258789,75.44999694824219,75.44999694824219,75.44999694824219,199309,BPL Limited
2021-11-30,71.69999694824219,74.69999694824219,71.69999694824219,71.69999694824219,71.69999694824219,144612,BPL Limited
2021-12-01,73.5999984741211,73.5999984741211,68.1500015258789,69.44999694824219,69.44999694824219,109031,BPL Limited
2021-12-02,68.9000015258789,71.0,67.05000305175781,69.75,69.75,81135,BPL Limited
2021-12-03,69.80000305175781,69.80000305175781,67.0,67.69999694824219,67.69999694824219,89504,BPL Limited
2021-12-06,69.4000015258789,70.0,67.19999694824219,67.9000015258789,67.9000015258789,90397,BPL Limited
2021-12-07,67.19999694824219,69.0,66.4000015258789,68.75,68.75,84686,BPL Limited
2021-12-08,69.80000305175781,72.1500015258789,68.05000305175781,72.1500015258789,72.1500015258789,115781,BPL Limited
2021-12-09,74.4000015258789,74.5,72.0,72.19999694824219,72.19999694824219,135833,BPL Limited
2021-12-10,70.8499984741211,73.5,70.0,70.75,70.75,83454,BPL Limited
2021-12-13,72.0,72.4000015258789,70.05000305175781,70.5,70.5,71196,BPL Limited
2021-12-14,70.5,70.5999984741211,68.1500015258789,70.0,70.0,47430,BPL Limited
2021-12-15,70.0,73.44999694824219,70.0,72.05000305175781,72.05000305175781,96250,BPL Limited
2021-12-16,74.3499984741211,74.3499984741211,70.0,70.5,70.5,50165,BPL Limited
2021-12-17,71.69999694824219,71.69999694824219,67.0,67.3499984741211,67.3499984741211,100887,BPL Limited
2021-12-20,67.19999694824219,67.19999694824219,64.0,64.05000305175781,64.05000305175781,65598,BPL Limited
2021-12-21,61.09999847412109,66.6500015258789,61.09999847412109,64.9000015258789,64.9000015258789,51645,BPL Limited
2021-12-22,62.20000076293945,66.6500015258789,62.20000076293945,63.45000076293945,63.45000076293945,85931,BPL Limited
2021-12-23,65.8499984741211,66.0,64.0999984741211,65.69999694824219,65.69999694824219,55746,BPL Limited
2021-12-24,65.19999694824219,65.94999694824219,63.400001525878906,63.900001525878906,63.900001525878906,36646,BPL Limited
2021-12-27,64.0999984741211,64.0999984741211,61.5,62.150001525878906,62.150001525878906,84073,BPL Limited
2021-12-28,62.20000076293945,65.25,62.150001525878906,65.25,65.25,107847,BPL Limited
2021-12-29,68.5,68.5,68.5,68.5,68.5,40856,BPL Limited
2021-12-30,71.4000015258789,71.9000015258789,65.55000305175781,71.9000015258789,71.9000015258789,205294,BPL Limited
2021-12-31,74.0,75.44999694824219,73.55000305175781,75.44999694824219,75.44999694824219,152932,BPL Limited
2022-01-03,77.69999694824219,77.69999694824219,72.05000305175781,73.75,73.75,216351,BPL Limited
2022-01-04,73.9000015258789,75.44999694824219,71.0,71.55000305175781,71.55000305175781,194530,BPL Limited
2022-01-05,70.25,71.94999694824219,68.75,69.75,69.75,140929,BPL Limited
2022-01-06,71.5,73.19999694824219,70.05000305175781,73.19999694824219,73.19999694824219,195974,BPL Limited
2022-01-07,76.80000305175781,76.8499984741211,71.05000305175781,71.55000305175781,71.55000305175781,386647,BPL Limited
2022-01-10,72.0,72.44999694824219,69.5999984741211,70.0,70.0,208269,BPL Limited
2022-01-11,69.8499984741211,70.94999694824219,69.05000305175781,69.44999694824219,69.44999694824219,109696,BPL Limited
2022-01-12,70.0,70.0,67.25,67.94999694824219,67.94999694824219,159881,BPL Limited
2022-01-13,67.05000305175781,69.19999694824219,66.80000305175781,67.1500015258789,67.1500015258789,187020,BPL Limited
2022-01-14,67.94999694824219,68.80000305175781,63.79999923706055,64.4000015258789,64.4000015258789,393705,BPL Limited
2022-01-17,64.4000015258789,67.5999984741211,64.25,67.5999984741211,67.5999984741211,192984,BPL Limited
2022-01-18,69.5,70.55000305175781,65.5999984741211,66.6500015258789,66.6500015258789,286116,BPL Limited
2022-01-19,66.0,68.8499984741211,65.69999694824219,68.0999984741211,68.0999984741211,132341,BPL Limited
2022-01-20,68.8499984741211,68.8499984741211,66.19999694824219,67.05000305175781,67.05000305175781,100421,BPL Limited
2022-01-21,67.55000305175781,67.55000305175781,65.25,65.80000305175781,65.80000305175781,83820,BPL Limited
2022-01-24,65.8499984741211,66.94999694824219,62.54999923706055,62.79999923706055,62.79999923706055,183946,BPL Limited
2022-01-25,62.54999923706055,65.9000015258789,60.75,65.80000305175781,65.80000305175781,153713,BPL Limited
2022-01-27,67.94999694824219,67.94999694824219,63.900001525878906,66.19999694824219,66.19999694824219,122517,BPL Limited
2022-01-28,65.30000305175781,67.55000305175781,65.0,65.1500015258789,65.1500015258789,88095,BPL Limited
2022-01-31,66.05000305175781,67.0,63.5,64.05000305175781,64.05000305175781,93571,BPL Limited
2022-02-01,65.30000305175781,65.69999694824219,63.650001525878906,64.4000015258789,64.4000015258789,89201,BPL Limited
2022-02-02,64.5,67.5999984741211,64.5,65.80000305175781,65.80000305175781,210893,BPL Limited
2022-02-03,67.4000015258789,67.4000015258789,65.19999694824219,65.44999694824219,65.44999694824219,85193,BPL Limited
2022-02-04,66.0,66.44999694824219,64.05000305175781,64.4000015258789,64.4000015258789,73137,BPL Limited
2022-02-07,65.6500015258789,65.6500015258789,63.59999847412109,64.05000305175781,64.05000305175781,59256,BPL Limited
2022-02-08,64.80000305175781,64.9000015258789,61.900001525878906,62.59999847412109,62.59999847412109,114195,BPL Limited
2022-02-09,62.20000076293945,64.3499984741211,62.20000076293945,63.04999923706055,63.04999923706055,80883,BPL Limited
2022-02-10,62.900001525878906,64.44999694824219,62.5,62.900001525878906,62.900001525878906,100419,BPL Limited
2022-02-11,62.900001525878906,63.29999923706055,61.84999847412109,62.04999923706055,62.04999923706055,61134,BPL Limited
2022-02-14,62.09999847412109,62.900001525878906,55.900001525878906,57.54999923706055,57.54999923706055,219027,BPL Limited
2022-02-15,58.0,59.54999923706055,53.5,56.5,56.5,176670,BPL Limited
2022-02-16,57.650001525878906,62.150001525878906,57.34999847412109,62.150001525878906,62.150001525878906,118746,BPL Limited
2022-02-17,65.30000305175781,67.0,62.29999923706055,62.79999923706055,62.79999923706055,387994,BPL Limited
2022-02-18,63.34999847412109,64.3499984741211,61.150001525878906,61.95000076293945,61.95000076293945,68538,BPL Limited
2022-02-21,61.0,61.900001525878906,57.650001525878906,58.0,58.0,155585,BPL Limited
2022-02-22,55.0,57.29999923706055,53.09999847412109,55.70000076293945,55.70000076293945,112742,BPL Limited
2022-02-23,57.54999923706055,58.20000076293945,56.400001525878906,56.59999847412109,56.59999847412109,59104,BPL Limited
2022-02-24,54.900001525878906,54.900001525878906,50.95000076293945,50.95000076293945,50.95000076293945,249876,BPL Limited
2022-02-25,52.0,55.09999847412109,51.650001525878906,52.900001525878906,52.900001525878906,96461,BPL Limited
2022-02-28,53.0,54.95000076293945,51.59999847412109,53.79999923706055,53.79999923706055,85756,BPL Limited
2022-03-02,53.5,54.70000076293945,51.95000076293945,54.150001525878906,54.150001525878906,62599,BPL Limited
2022-03-03,54.79999923706055,56.29999923706055,54.09999847412109,54.400001525878906,54.400001525878906,48767,BPL Limited
2022-03-04,53.95000076293945,54.5,52.54999923706055,53.650001525878906,53.650001525878906,54480,BPL Limited
2022-03-07,51.0,58.84999847412109,50.5,51.29999923706055,51.29999923706055,112452,BPL Limited
2022-03-08,51.79999923706055,53.25,51.0,52.150001525878906,52.150001525878906,77413,BPL Limited
2022-03-09,53.0,57.34999847412109,53.0,56.95000076293945,56.95000076293945,165220,BPL Limited
2022-03-10,59.79999923706055,60.900001525878906,55.04999923706055,55.84999847412109,55.84999847412109,135071,BPL Limited
2022-03-11,55.900001525878906,58.0,55.79999923706055,57.09999847412109,57.09999847412109,54410,BPL Limited
2022-03-14,57.79999923706055,58.20000076293945,55.400001525878906,56.34999847412109,56.34999847412109,58577,BPL Limited
2022-03-15,57.09999847412109,57.09999847412109,54.09999847412109,54.84999847412109,54.84999847412109,103710,BPL Limited
2022-03-16,55.45000076293945,56.75,54.59999847412109,54.84999847412109,54.84999847412109,89541,BPL Limited
2022-03-17,56.20000076293945,60.29999923706055,55.59999847412109,60.29999923706055,60.29999923706055,131023,BPL Limited
2022-03-21,64.69999694824219,64.69999694824219,59.20000076293945,61.79999923706055,61.79999923706055,474964,BPL Limited
2022-03-22,62.400001525878906,62.400001525878906,60.54999923706055,60.79999923706055,60.79999923706055,97511,BPL Limited
2022-03-23,61.29999923706055,62.400001525878906,60.04999923706055,60.75,60.75,136899,BPL Limited
2022-03-24,60.34999847412109,66.80000305175781,60.150001525878906,66.80000305175781,66.80000305175781,571853,BPL Limited
2022-03-25,69.0,69.0,64.0,64.75,64.75,392354,BPL Limited
2022-03-28,65.9000015258789,66.19999694824219,62.25,63.150001525878906,63.150001525878906,147036,BPL Limited
2022-03-29,65.44999694824219,65.44999694824219,61.09999847412109,62.0,62.0,148201,BPL Limited
2022-03-30,62.09999847412109,64.80000305175781,61.20000076293945,62.150001525878906,62.150001525878906,145377,BPL Limited
2022-03-31,64.30000305175781,65.0,62.09999847412109,62.650001525878906,62.650001525878906,170528,BPL Limited
2022-04-01,62.650001525878906,68.9000015258789,62.650001525878906,68.9000015258789,68.9000015258789,419641,BPL Limited
2022-04-04,70.4000015258789,75.75,69.3499984741211,75.75,75.75,809014,BPL Limited
2022-04-05,77.44999694824219,83.30000305175781,76.0,83.30000305175781,83.30000305175781,652419,BPL Limited
2022-04-06,86.4000015258789,87.44999694824219,85.30000305175781,87.44999694824219,87.44999694824219,218676,BPL Limited
2022-04-07,91.8000030517578,91.8000030517578,83.0999984741211,83.0999984741211,83.0999984741211,1322803,BPL Limited
2022-04-08,78.94999694824219,82.0,78.94999694824219,78.94999694824219,78.94999694824219,990619,BPL Limited
2022-04-11,78.0,82.0,76.80000305175781,78.30000305175781,78.30000305175781,397530,BPL Limited
2022-04-12,78.5999984741211,80.19999694824219,77.0,78.8499984741211,78.8499984741211,201007,BPL Limited
2022-04-13,81.4000015258789,82.0999984741211,77.4000015258789,78.30000305175781,78.30000305175781,259004,BPL Limited
2022-04-18,80.0,80.44999694824219,76.94999694824219,78.0,78.0,174133,BPL Limited
2022-04-19,79.80000305175781,79.80000305175781,74.0999984741211,75.25,75.25,137665,BPL Limited
2022-04-20,75.25,79.0,74.4000015258789,76.3499984741211,76.3499984741211,114300,BPL Limited
2022-04-21,77.4000015258789,78.94999694824219,76.5,77.19999694824219,77.19999694824219,100045,BPL Limited
2022-04-22,76.9000015258789,81.05000305175781,76.05000305175781,80.55000305175781,80.55000305175781,395859,BPL Limited
2022-04-25,80.4000015258789,81.0999984741211,77.05000305175781,78.25,78.25,206807,BPL Limited
2022-04-26,80.0,81.4000015258789,77.1500015258789,78.1500015258789,78.1500015258789,174068,BPL Limited
2022-04-27,78.0,79.0,75.9000015258789,76.80000305175781,76.80000305175781,107425,BPL Limited
2022-04-28,76.80000305175781,77.94999694824219,75.44999694824219,76.0,76.0,79891,BPL Limited
2022-04-29,76.69999694824219,77.55000305175781,74.25,74.69999694824219,74.69999694824219,81162,BPL Limited
2022-05-02,74.69999694824219,74.69999694824219,71.05000305175781,71.8499984741211,71.8499984741211,75694,BPL Limited
2022-05-04,72.0999984741211,74.9000015258789,68.55000305175781,69.9000015258789,69.9000015258789,92220,BPL Limited
2022-05-05,72.0,72.0,69.5,70.69999694824219,70.69999694824219,63902,BPL Limited
2022-05-06,70.0,70.0,67.25,68.05000305175781,68.05000305175781,117009,BPL Limited
2022-05-09,66.19999694824219,67.5999984741211,65.6500015258789,66.1500015258789,66.1500015258789,85453,BPL Limited
2022-05-10,65.0,68.69999694824219,63.0,63.84999847412109,63.84999847412109,88865,BPL Limited
2022-05-11,63.95000076293945,65.55000305175781,60.70000076293945,61.150001525878906,61.150001525878906,126163,BPL Limited
2022-05-12,62.0,63.25,58.09999847412109,59.59999847412109,59.59999847412109,102758,BPL Limited
2022-05-13,60.20000076293945,62.54999923706055,60.20000076293945,62.54999923706055,62.54999923706055,48911,BPL Limited
2022-05-16,64.6500015258789,65.6500015258789,63.650001525878906,65.6500015258789,65.6500015258789,101268,BPL Limited
2022-05-17,67.9000015258789,68.4000015258789,65.6500015258789,67.44999694824219,67.44999694824219,60550,BPL Limited
2022-05-18,68.80000305175781,69.80000305175781,67.55000305175781,68.3499984741211,68.3499984741211,131223,BPL Limited
2022-05-19,65.55000305175781,67.44999694824219,64.94999694824219,65.0,65.0,52703,BPL Limited
2022-05-20,65.5,68.0,65.0,66.94999694824219,66.94999694824219,47567,BPL Limited
2022-05-23,67.30000305175781,68.0,65.0,65.25,65.25,46692,BPL Limited
2022-05-24,65.94999694824219,66.4000015258789,63.0,63.400001525878906,63.400001525878906,29654,BPL Limited
2022-05-25,63.59999847412109,64.94999694824219,60.25,60.79999923706055,60.79999923706055,48333,BPL Limited
2022-05-26,60.0,62.34999847412109,57.79999923706055,61.20000076293945,61.20000076293945,57039,BPL Limited
2022-05-27,63.20000076293945,64.25,61.5,62.75,62.75,68547,BPL Limited
2022-05-30,64.3499984741211,64.3499984741211,62.0,63.650001525878906,63.650001525878906,48693,BPL Limited
2022-05-31,64.0,66.80000305175781,64.0,66.80000305175781,66.80000305175781,72115,BPL Limited
2022-06-01,69.0,69.0,66.25,66.5999984741211,66.5999984741211,69049,BPL Limited
2022-06-02,68.4000015258789,68.4000015258789,63.29999923706055,63.45000076293945,63.45000076293945,240583,BPL Limited
2022-06-03,64.75,64.75,62.04999923706055,63.29999923706055,63.29999923706055,39504,BPL Limited
2022-06-06,63.0,64.80000305175781,62.70000076293945,64.0999984741211,64.0999984741211,14062,BPL Limited
2022-06-07,64.0999984741211,64.0999984741211,61.70000076293945,61.95000076293945,61.95000076293945,48302,BPL Limited
2022-06-08,62.0,63.650001525878906,61.04999923706055,61.5,61.5,38721,BPL Limited
2022-06-09,61.5,64.55000305175781,60.79999923706055,64.55000305175781,64.55000305175781,40929,BPL Limited
2022-06-10,65.0,67.75,65.0,67.75,67.75,206042,BPL Limited
2022-06-13,67.80000305175781,67.80000305175781,64.4000015258789,64.4000015258789,64.4000015258789,144692,BPL Limited
2022-06-14,62.0,64.05000305175781,61.20000076293945,61.34999847412109,61.34999847412109,78618,BPL Limited
2022-06-15,61.95000076293945,64.4000015258789,58.29999923706055,58.29999923706055,58.29999923706055,350634,BPL Limited
2022-06-16,59.84999847412109,60.29999923706055,55.400001525878906,55.45000076293945,55.45000076293945,122377,BPL Limited
2022-06-17,55.0,56.84999847412109,53.5,55.95000076293945,55.95000076293945,77577,BPL Limited
2022-06-20,56.900001525878906,58.70000076293945,56.0,58.70000076293945,58.70000076293945,107931,BPL Limited
2022-06-21,61.59999847412109,61.59999847412109,61.59999847412109,61.59999847412109,61.59999847412109,24598,BPL Limited
2022-06-22,64.6500015258789,64.6500015258789,64.6500015258789,64.6500015258789,64.6500015258789,45660,BPL Limited
2022-06-23,67.8499984741211,67.8499984741211,63.400001525878906,64.0999984741211,64.0999984741211,257121,BPL Limited
2022-06-24,65.69999694824219,65.69999694824219,63.0,64.8499984741211,64.8499984741211,91654,BPL Limited
2022-06-27,65.0999984741211,68.05000305175781,65.0,66.1500015258789,66.1500015258789,121459,BPL Limited
2022-06-28,65.25,66.1500015258789,63.34999847412109,64.1500015258789,64.1500015258789,59618,BPL Limited
2022-06-29,64.0,64.5,63.0,63.54999923706055,63.54999923706055,29570,BPL Limited
2022-06-30,64.5,64.94999694824219,62.0,62.54999923706055,62.54999923706055,36776,BPL Limited
2022-07-01,62.95000076293945,64.0,61.20000076293945,62.400001525878906,62.400001525878906,22136,BPL Limited
2022-07-04,62.5,64.0,61.5,62.150001525878906,62.150001525878906,40403,BPL Limited
2022-07-05,62.09999847412109,64.0,62.09999847412109,63.0,63.0,28399,BPL Limited
2022-07-06,63.0,63.79999923706055,61.5,62.45000076293945,62.45000076293945,34166,BPL Limited
2022-07-07,62.0,63.84999847412109,62.0,63.0,63.0,14957,BPL Limited
2022-07-08,63.79999923706055,64.0,62.25,62.75,62.75,29624,BPL Limited
2022-07-11,63.20000076293945,64.19999694824219,61.5,63.95000076293945,63.95000076293945,44916,BPL Limited
2022-07-12,63.900001525878906,65.5,63.5,64.4000015258789,64.4000015258789,51095,BPL Limited
2022-07-13,65.5,67.5999984741211,63.650001525878906,67.5999984741211,67.5999984741211,153016,BPL Limited
2022-07-14,70.94999694824219,70.94999694824219,70.94999694824219,70.94999694824219,70.94999694824219,169404,BPL Limited
2022-07-15,72.9000015258789,72.9000015258789,67.6500015258789,70.1500015258789,70.1500015258789,187014,BPL Limited
2022-07-18,70.05000305175781,71.9000015258789,68.0,69.0999984741211,69.0999984741211,73623,BPL Limited
2022-07-19,68.1500015258789,71.55000305175781,68.1500015258789,69.19999694824219,69.19999694824219,71931,BPL Limited
2022-07-20,70.05000305175781,70.8499984741211,67.30000305175781,67.80000305175781,67.80000305175781,52505,BPL Limited
2022-07-21,68.0,68.80000305175781,67.55000305175781,67.75,67.75,38773,BPL Limited
2022-07-22,67.75,69.94999694824219,67.75,68.6500015258789,68.6500015258789,59406,BPL Limited
2022-07-25,69.9000015258789,69.9000015258789,66.75,68.5,68.5,67711,BPL Limited
2022-07-26,69.1500015258789,69.1500015258789,67.05000305175781,67.25,67.25,30436,BPL Limited
2022-07-27,67.0999984741211,67.5,66.5,66.75,66.75,23407,BPL Limited
2022-07-28,67.0,67.05000305175781,65.05000305175781,65.5999984741211,65.5999984741211,35652,BPL Limited
2022-07-29,66.0,67.8499984741211,65.1500015258789,66.1500015258789,66.1500015258789,42756,BPL Limited
2022-08-01,66.1500015258789,68.0999984741211,66.1500015258789,67.05000305175781,67.05000305175781,33768,BPL Limited
2022-08-02,67.4000015258789,69.5,67.0,68.75,68.75,48628,BPL Limited
2022-08-03,69.0,70.0999984741211,67.55000305175781,68.0,68.0,88096,BPL Limited
2022-08-04,69.44999694824219,69.8499984741211,67.4000015258789,68.25,68.25,56813,BPL Limited
2022-08-05,68.5999984741211,69.44999694824219,67.5,67.80000305175781,67.80000305175781,53529,BPL Limited
2022-08-08,67.80000305175781,74.55000305175781,67.80000305175781,74.55000305175781,74.55000305175781,383734,BPL Limited
2022-08-10,75.0,78.3499984741211,70.19999694824219,74.9000015258789,74.9000015258789,467543,BPL Limited
2022-08-11,76.4000015258789,78.80000305175781,75.0,76.8499984741211,76.8499984741211,134662,BPL Limited
2022-08-12,74.4000015258789,74.4000015258789,69.25,69.94999694824219,69.94999694824219,348199,BPL Limited
2022-08-16,71.9000015258789,72.0,70.5,70.9000015258789,70.9000015258789,44668,BPL Limited
2022-08-17,71.9000015258789,71.9000015258789,69.80000305175781,70.0999984741211,70.0999984741211,84597,BPL Limited
2022-08-18,70.0999984741211,72.44999694824219,69.80000305175781,70.6500015258789,70.6500015258789,130018,BPL Limited
2022-08-19,70.6500015258789,71.80000305175781,69.0999984741211,69.75,69.75,57923,BPL Limited
2022-08-22,69.0,69.0,66.94999694824219,67.0999984741211,67.0999984741211,123846,BPL Limited
2022-08-23,66.8499984741211,72.9000015258789,64.69999694824219,70.19999694824219,70.19999694824219,108592,BPL Limited
2022-08-24,70.94999694824219,71.94999694824219,69.0,69.80000305175781,69.80000305175781,70820,BPL Limited
2022-08-25,70.0,71.80000305175781,69.0999984741211,69.94999694824219,69.94999694824219,56349,BPL Limited
2022-08-26,70.8499984741211,71.25,69.0,69.19999694824219,69.19999694824219,56044,BPL Limited
2022-08-29,66.30000305175781,69.55000305175781,66.30000305175781,68.6500015258789,68.6500015258789,69180,BPL Limited
2022-08-30,69.94999694824219,70.30000305175781,68.1500015258789,68.4000015258789,68.4000015258789,87772,BPL Limited
2022-09-01,68.94999694824219,69.30000305175781,67.0999984741211,68.0,68.0,56983,BPL Limited
2022-09-02,69.19999694824219,70.9000015258789,68.25,69.30000305175781,69.30000305175781,110686,BPL Limited
2022-09-05,69.30000305175781,70.19999694824219,68.55000305175781,69.75,69.75,65308,BPL Limited
2022-09-06,70.0,72.94999694824219,70.0,71.30000305175781,71.30000305175781,120786,BPL Limited
2022-09-07,71.30000305175781,73.80000305175781,71.05000305175781,72.0,72.0,108383,BPL Limited
2022-09-08,72.9000015258789,75.9000015258789,72.0,74.19999694824219,74.19999694824219,182689,BPL Limited
2022-09-09,75.8499984741211,76.19999694824219,72.0,73.3499984741211,73.3499984741211,170975,BPL Limited
2022-09-12,73.5,73.8499984741211,71.0999984741211,71.5999984741211,71.5999984741211,109255,BPL Limited
2022-09-13,71.5999984741211,78.75,71.5999984741211,76.44999694824219,76.44999694824219,863390,BPL Limited
2022-09-14,74.75,84.05000305175781,74.44999694824219,84.05000305175781,84.05000305175781,866357,BPL Limited
2022-09-15,87.94999694824219,89.6500015258789,82.25,83.0,83.0,1005998,BPL Limited
2022-09-16,82.5999984741211,83.6500015258789,76.8499984741211,77.8499984741211,77.8499984741211,375020,BPL Limited
2022-09-19,77.8499984741211,83.30000305175781,75.94999694824219,76.25,76.25,168125,BPL Limited
2022-09-20,76.94999694824219,78.5,74.5999984741211,74.9000015258789,74.9000015258789,160044,BPL Limited
2022-09-21,74.9000015258789,76.5,73.8499984741211,74.75,74.75,106574,BPL Limited
2022-09-22,74.0,77.75,74.0,74.94999694824219,74.94999694824219,150178,BPL Limited
2022-09-23,76.0,76.3499984741211,72.0,72.5999984741211,72.5999984741211,121199,BPL Limited
2022-09-26,70.25,71.9000015258789,66.5,68.3499984741211,68.3499984741211,155225,BPL Limited
2022-09-27,69.0,69.94999694824219,67.75,68.4000015258789,68.4000015258789,66239,BPL Limited
2022-09-28,67.80000305175781,69.9000015258789,66.6500015258789,67.30000305175781,67.30000305175781,61174,BPL Limited
2022-09-29,69.0,69.69999694824219,65.6500015258789,66.9000015258789,66.9000015258789,127399,BPL Limited
2022-09-30,66.9000015258789,68.5,65.75,68.0,68.0,102423,BPL Limited
2022-10-03,67.75,69.94999694824219,67.0999984741211,68.5,68.5,39694,BPL Limited
2022-10-04,70.0,70.5999984741211,68.69999694824219,69.75,69.75,47373,BPL Limited
2022-10-06,71.0,74.9000015258789,70.0,73.9000015258789,73.9000015258789,206626,BPL Limited
2022-10-07,74.30000305175781,75.9000015258789,72.55000305175781,73.0,73.0,91645,BPL Limited
2022-10-10,72.55000305175781,74.5,72.0,72.25,72.25,98013,BPL Limited
2022-10-11,73.8499984741211,73.8499984741211,69.55000305175781,70.3499984741211,70.3499984741211,56627,BPL Limited
2022-10-12,70.0,71.0999984741211,69.05000305175781,70.0999984741211,70.0999984741211,46429,BPL Limited
2022-10-13,71.0,71.0,68.0,69.30000305175781,69.30000305175781,61452,BPL Limited
2022-10-14,71.0,74.4000015258789,70.1500015258789,71.0999984741211,71.0999984741211,211606,BPL Limited
2022-10-17,71.9000015258789,71.9000015258789,69.4000015258789,69.75,69.75,39638,BPL Limited
2022-10-18,71.6500015258789,76.80000305175781,69.9000015258789,73.55000305175781,73.55000305175781,359297,BPL Limited
2022-10-19,74.4000015258789,75.0,70.80000305175781,71.75,71.75,108311,BPL Limited
2022-10-20,72.0,72.30000305175781,69.75,70.19999694824219,70.19999694824219,109265,BPL Limited
2022-10-21,70.05000305175781,75.5999984741211,68.8499984741211,70.5,70.5,223554,BPL Limited
2022-10-24,71.3499984741211,73.0,71.0,71.69999694824219,71.69999694824219,35265,BPL Limited
2022-10-25,70.6500015258789,72.3499984741211,69.75,70.1500015258789,70.1500015258789,59223,BPL Limited
2022-10-27,71.80000305175781,71.8499984741211,69.44999694824219,69.94999694824219,69.94999694824219,95553,BPL Limited
2022-10-28,71.0,71.0,67.19999694824219,68.94999694824219,68.94999694824219,152074,BPL Limited
2022-10-31,69.30000305175781,70.0,68.4000015258789,68.80000305175781,68.80000305175781,79323,BPL Limited
2022-11-01,69.5,71.0,68.8499984741211,70.05000305175781,70.05000305175781,110771,BPL Limited
2022-11-02,70.05000305175781,70.94999694824219,69.5999984741211,70.25,70.25,49591,BPL Limited
2022-11-03,69.9000015258789,70.9000015258789,68.55000305175781,69.3499984741211,69.3499984741211,57327,BPL Limited
2022-11-04,69.75,69.75,68.5,68.75,68.75,42151,BPL Limited
2022-11-07,70.5,70.5,67.6500015258789,68.44999694824219,68.44999694824219,59176,BPL Limited
2022-11-09,69.0,69.25,67.5,68.0,68.0,55938,BPL Limited
2022-11-10,67.5999984741211,68.8499984741211,66.69999694824219,67.0999984741211,67.0999984741211,57661,BPL Limited
2022-11-11,68.80000305175781,68.80000305175781,67.0999984741211,68.1500015258789,68.1500015258789,51623,BPL Limited
2022-11-14,69.0,69.0,66.8499984741211,67.30000305175781,67.30000305175781,87134,BPL Limited
2022-11-15,67.19999694824219,72.9000015258789,67.0,69.1500015258789,69.1500015258789,91141,BPL Limited
2022-11-16,70.0,77.0,69.5,74.0,74.0,1469601,BPL Limited
2022-11-17,74.0999984741211,75.69999694824219,72.55000305175781,73.4000015258789,73.4000015258789,389390,BPL Limited
2022-11-18,74.30000305175781,74.5,72.05000305175781,72.9000015258789,72.9000015258789,110238,BPL Limited
2022-11-21,73.30000305175781,76.25,72.0999984741211,73.9000015258789,73.9000015258789,451204,BPL Limited
2022-11-22,74.44999694824219,74.44999694824219,70.94999694824219,71.5999984741211,71.5999984741211,104079,BPL Limited
2022-11-23,72.4000015258789,73.5,70.75,71.05000305175781,71.05000305175781,101245,BPL Limited
2022-11-24,71.5,72.6500015258789,69.6500015258789,70.55000305175781,70.55000305175781,151433,BPL Limited
2022-11-25,70.1500015258789,72.0,70.1500015258789,71.55000305175781,71.55000305175781,95780,BPL Limited
2022-11-28,70.69999694824219,75.5999984741211,70.69999694824219,73.94999694824219,73.94999694824219,494030,BPL Limited
2022-11-29,74.0,80.5,64.6500015258789,72.30000305175781,72.30000305175781,1644796,BPL Limited
2022-11-30,72.55000305175781,74.5,71.6500015258789,72.19999694824219,72.19999694824219,203946,BPL Limited
2022-12-01,73.55000305175781,73.75,71.75,72.0999984741211,72.0999984741211,176717,BPL Limited
2022-12-02,72.6500015258789,72.6500015258789,71.30000305175781,71.75,71.75,95278,BPL Limited
2022-12-05,72.80000305175781,72.80000305175781,71.0,71.3499984741211,71.3499984741211,146556,BPL Limited
2022-12-06,71.3499984741211,72.05000305175781,70.30000305175781,71.25,71.25,103716,BPL Limited
2022-12-07,71.80000305175781,71.80000305175781,70.05000305175781,70.19999694824219,70.19999694824219,122233,BPL Limited
2022-12-08,70.05000305175781,70.9000015258789,70.05000305175781,70.4000015258789,70.4000015258789,57930,BPL Limited
2022-12-09,70.5,71.9000015258789,68.5999984741211,69.5,69.5,150698,BPL Limited
2022-12-12,69.0999984741211,70.4000015258789,68.69999694824219,69.1500015258789,69.1500015258789,71472,BPL Limited
2022-12-13,69.8499984741211,71.0,69.05000305175781,69.69999694824219,69.69999694824219,126157,BPL Limited
2022-12-14,70.44999694824219,70.44999694824219,67.4000015258789,67.80000305175781,67.80000305175781,271020,BPL Limited
2022-12-15,67.94999694824219,68.94999694824219,66.5,66.94999694824219,66.94999694824219,156037,BPL Limited
2022-12-16,66.94999694824219,68.0,65.5,66.05000305175781,66.05000305175781,158262,BPL Limited
2022-12-19,66.0999984741211,68.25,64.55000305175781,66.9000015258789,66.9000015258789,136031,BPL Limited
2022-12-20,67.55000305175781,68.75,66.4000015258789,67.5999984741211,67.5999984741211,83480,BPL Limited
2022-12-21,67.94999694824219,68.1500015258789,63.29999923706055,63.79999923706055,63.79999923706055,235301,BPL Limited
2022-12-22,63.900001525878906,65.0999984741211,60.400001525878906,61.0,61.0,235455,BPL Limited
2022-12-23,61.09999847412109,61.09999847412109,58.5,58.70000076293945,58.70000076293945,118799,BPL Limited
2022-12-26,58.95000076293945,62.45000076293945,58.79999923706055,61.75,61.75,88326,BPL Limited
2022-12-27,62.5,63.04999923706055,57.54999923706055,62.04999923706055,62.04999923706055,127774,BPL Limited
2022-12-28,62.59999847412109,64.4000015258789,62.04999923706055,63.25,63.25,79783,BPL Limited
2022-12-29,63.0,64.0,62.79999923706055,63.34999847412109,63.34999847412109,51041,BPL Limited
2022-12-30,63.95000076293945,64.5999984741211,63.0,63.54999923706055,63.54999923706055,61555,BPL Limited
2023-01-02,63.150001525878906,65.30000305175781,63.150001525878906,64.55000305175781,64.55000305175781,54195,BPL Limited
2023-01-03,64.0,65.0999984741211,64.0,64.19999694824219,64.19999694824219,39703,BPL Limited
2023-01-04,64.94999694824219,64.94999694824219,63.25,63.400001525878906,63.400001525878906,31455,BPL Limited
2023-01-05,63.84999847412109,64.1500015258789,61.84999847412109,62.400001525878906,62.400001525878906,62661,BPL Limited
2023-01-06,63.29999923706055,63.29999923706055,61.25,61.70000076293945,61.70000076293945,52992,BPL Limited
2023-01-09,62.400001525878906,63.900001525878906,62.09999847412109,63.04999923706055,63.04999923706055,44252,BPL Limited
2023-01-10,63.70000076293945,63.70000076293945,61.650001525878906,61.84999847412109,61.84999847412109,41017,BPL Limited
2023-01-11,62.70000076293945,74.19999694824219,62.400001525878906,74.19999694824219,74.19999694824219,2408865,BPL Limited
2023-01-12,75.9000015258789,77.1500015258789,69.0,69.8499984741211,69.8499984741211,1944234,BPL Limited
2023-01-13,69.4000015258789,77.69999694824219,68.5,73.0999984741211,73.0999984741211,2770332,BPL Limited
2023-01-16,73.3499984741211,73.5999984741211,71.0,71.30000305175781,71.30000305175781,230661,BPL Limited
2023-01-17,71.5,76.4000015258789,70.0999984741211,73.1500015258789,73.1500015258789,862541,BPL Limited
2023-01-18,73.05000305175781,73.55000305175781,70.69999694824219,72.05000305175781,72.05000305175781,203603,BPL Limited
2023-01-19,71.55000305175781,72.30000305175781,69.5,69.8499984741211,69.8499984741211,218234,BPL Limited
2023-01-20,70.1500015258789,73.1500015258789,68.1500015258789,69.6500015258789,69.6500015258789,360343,BPL Limited
2023-01-23,70.0999984741211,72.75,69.6500015258789,71.1500015258789,71.1500015258789,225905,BPL Limited
2023-01-24,71.4000015258789,72.5,69.80000305175781,70.0999984741211,70.0999984741211,115739,BPL Limited
2023-01-25,70.25,70.25,67.44999694824219,68.05000305175781,68.05000305175781,113648,BPL Limited
2023-01-27,68.8499984741211,68.8499984741211,63.900001525878906,65.25,65.25,195037,BPL Limited
2023-01-30,65.9000015258789,67.0,62.84999847412109,64.4000015258789,64.4000015258789,130439,BPL Limited
2023-01-31,65.0,66.5999984741211,64.4000015258789,65.69999694824219,65.69999694824219,88271,BPL Limited
2023-02-01,66.30000305175781,67.5,64.19999694824219,64.6500015258789,64.6500015258789,151606,BPL Limited
2023-02-02,64.69999694824219,66.19999694824219,63.75,64.80000305175781,64.80000305175781,91268,BPL Limited
2023-02-03,65.19999694824219,65.8499984741211,63.5,64.80000305175781,64.80000305175781,54024,BPL Limited
2023-02-06,64.80000305175781,65.4000015258789,63.75,64.6500015258789,64.6500015258789,50477,BPL Limited
2023-02-07,65.44999694824219,65.44999694824219,63.650001525878906,64.1500015258789,64.1500015258789,50895,BPL Limited
2023-02-08,64.0999984741211,65.30000305175781,63.79999923706055,64.1500015258789,64.1500015258789,70963,BPL Limited
2023-02-09,64.05000305175781,64.8499984741211,63.79999923706055,64.1500015258789,64.1500015258789,38612,BPL Limited
2023-02-10,64.0,64.80000305175781,63.5,63.900001525878906,63.900001525878906,41111,BPL Limited
2023-02-13,64.1500015258789,64.3499984741211,63.34999847412109,63.650001525878906,63.650001525878906,31500,BPL Limited
2023-02-14,64.0999984741211,64.0999984741211,61.75,62.150001525878906,62.150001525878906,85807,BPL Limited
2023-02-15,61.400001525878906,62.150001525878906,60.04999923706055,60.54999923706055,60.54999923706055,173588,BPL Limited
2023-02-16,61.0,62.400001525878906,61.0,61.34999847412109,61.34999847412109,80654,BPL Limited
2023-02-17,62.650001525878906,62.650001525878906,61.25,61.5,61.5,41318,BPL Limited
2023-02-20,61.04999923706055,62.09999847412109,60.5,60.650001525878906,60.650001525878906,76573,BPL Limited
2023-02-21,60.900001525878906,62.45000076293945,60.900001525878906,61.70000076293945,61.70000076293945,60471,BPL Limited
2023-02-22,60.5,61.59999847412109,59.29999923706055,60.04999923706055,60.04999923706055,132265,BPL Limited
2023-02-23,60.900001525878906,62.29999923706055,60.0,60.400001525878906,60.400001525878906,80209,BPL Limited
2023-02-24,60.150001525878906,61.400001525878906,60.150001525878906,60.59999847412109,60.59999847412109,32349,BPL Limited
2023-02-27,59.650001525878906,61.0,58.25,59.70000076293945,59.70000076293945,100149,BPL Limited
2023-02-28,60.95000076293945,60.95000076293945,58.04999923706055,58.900001525878906,58.900001525878906,37901,BPL Limited
2023-03-01,59.09999847412109,60.900001525878906,58.650001525878906,59.29999923706055,59.29999923706055,53612,BPL Limited
2023-03-02,59.900001525878906,60.0,58.04999923706055,58.70000076293945,58.70000076293945,61500,BPL Limited
2023-03-03,59.59999847412109,60.75,59.150001525878906,59.75,59.75,52595,BPL Limited
2023-03-06,60.900001525878906,62.25,60.29999923706055,61.34999847412109,61.34999847412109,45588,BPL Limited
2023-03-08,61.34999847412109,61.45000076293945,60.0,60.25,60.25,46532,BPL Limited
2023-03-09,60.54999923706055,61.04999923706055,59.70000076293945,59.95000076293945,59.95000076293945,31070,BPL Limited
2023-03-10,60.95000076293945,60.95000076293945,59.150001525878906,59.54999923706055,59.54999923706055,32481,BPL Limited
2023-03-13,59.20000076293945,59.84999847412109,57.09999847412109,57.29999923706055,57.29999923706055,55804,BPL Limited
2023-03-14,57.34999847412109,57.59999847412109,54.25,56.04999923706055,56.04999923706055,75480,BPL Limited
2023-03-15,56.900001525878906,57.400001525878906,56.0,56.150001525878906,56.150001525878906,33763,BPL Limited
2023-03-16,56.900001525878906,56.900001525878906,54.650001525878906,55.650001525878906,55.650001525878906,45413,BPL Limited
2023-03-17,56.84999847412109,56.900001525878906,55.09999847412109,55.59999847412109,55.59999847412109,45655,BPL Limited
2023-03-20,55.59999847412109,57.0,54.59999847412109,55.150001525878906,55.150001525878906,34491,BPL Limited
2023-03-21,55.84999847412109,56.34999847412109,54.59999847412109,55.45000076293945,55.45000076293945,38133,BPL Limited
2023-03-22,56.45000076293945,56.70000076293945,55.29999923706055,55.75,55.75,23137,BPL Limited
2023-03-23,55.95000076293945,57.09999847412109,53.95000076293945,54.79999923706055,54.79999923706055,66216,BPL Limited
2023-03-24,55.20000076293945,55.54999923706055,52.25,53.45000076293945,53.45000076293945,48225,BPL Limited
2023-03-27,53.29999923706055,53.29999923706055,50.5,51.29999923706055,51.29999923706055,72615,BPL Limited
2023-03-28,50.70000076293945,51.5,46.70000076293945,48.20000076293945,48.20000076293945,155645,BPL Limited
2023-03-29,48.95000076293945,52.79999923706055,48.400001525878906,51.54999923706055,51.54999923706055,160323,BPL Limited
2023-03-31,52.5,55.29999923706055,51.29999923706055,52.79999923706055,52.79999923706055,108174,BPL Limited
2023-04-03,53.45000076293945,54.29999923706055,52.70000076293945,53.0,53.0,63370,BPL Limited
2023-04-05,53.84999847412109,58.09999847412109,53.09999847412109,56.5,56.5,137402,BPL Limited
2023-04-06,57.95000076293945,58.09999847412109,56.09999847412109,56.650001525878906,56.650001525878906,67607,BPL Limited
2023-04-10,56.20000076293945,57.09999847412109,55.29999923706055,56.04999923706055,56.04999923706055,55341,BPL Limited
2023-04-11,56.5,57.34999847412109,55.54999923706055,55.75,55.75,36615,BPL Limited
2023-04-12,56.0,56.29999923706055,55.09999847412109,55.29999923706055,55.29999923706055,20263,BPL Limited
2023-04-13,55.34999847412109,64.4000015258789,55.34999847412109,62.400001525878906,62.400001525878906,390502,BPL Limited
2023-04-17,61.75,61.75,60.0,60.45000076293945,60.45000076293945,92769,BPL Limited
2023-04-18,60.650001525878906,60.900001525878906,59.09999847412109,59.5,59.5,44865,BPL Limited
2023-04-19,59.5,60.20000076293945,56.59999847412109,57.95000076293945,57.95000076293945,82019,BPL Limited
2023-04-20,58.79999923706055,62.29999923706055,58.20000076293945,60.5,60.5,138761,BPL Limited
2023-04-21,60.5,63.34999847412109,59.95000076293945,60.25,60.25,116263,BPL Limited
2023-04-24,60.25,60.650001525878906,58.34999847412109,59.95000076293945,59.95000076293945,54187,BPL Limited
2023-04-25,60.20000076293945,60.79999923706055,59.04999923706055,59.400001525878906,59.400001525878906,37105,BPL Limited
2023-04-26,60.09999847412109,66.3499984741211,59.0,64.55000305175781,64.55000305175781,708982,BPL Limited
2023-04-27,65.1500015258789,65.25,62.59999847412109,63.29999923706055,63.29999923706055,140983,BPL Limited
2023-04-28,64.30000305175781,64.30000305175781,60.25,61.84999847412109,61.84999847412109,120213,BPL Limited
2023-05-02,62.0,63.09999847412109,61.84999847412109,62.0,62.0,59327,BPL Limited
2023-05-03,62.75,63.400001525878906,61.5,62.09999847412109,62.09999847412109,80283,BPL Limited
2023-05-04,62.34999847412109,62.400001525878906,61.04999923706055,61.29999923706055,61.29999923706055,62817,BPL Limited
2023-05-05,61.400001525878906,64.25,60.79999923706055,61.5,61.5,167988,BPL Limited
2023-05-08,61.29999923706055,62.09999847412109,60.34999847412109,60.70000076293945,60.70000076293945,55970,BPL Limited
2023-05-09,60.84999847412109,61.54999923706055,59.20000076293945,60.0,60.0,45286,BPL Limited
2023-05-10,60.59999847412109,60.84999847412109,59.5,59.75,59.75,37304,BPL Limited
2023-05-11,60.29999923706055,60.70000076293945,59.54999923706055,59.84999847412109,59.84999847412109,36024,BPL Limited
2023-05-12,60.34999847412109,61.54999923706055,59.650001525878906,59.79999923706055,59.79999923706055,53811,BPL Limited
2023-05-15,61.0,61.0,59.5,60.34999847412109,60.34999847412109,32346,BPL Limited
2023-05-16,60.54999923706055,60.59999847412109,58.79999923706055,59.150001525878906,59.150001525878906,49480,BPL Limited
2023-05-17,59.79999923706055,60.09999847412109,58.84999847412109,59.45000076293945,59.45000076293945,35717,BPL Limited
2023-05-18,59.45000076293945,60.0,58.25,58.79999923706055,58.79999923706055,35765,BPL Limited
2023-05-19,60.04999923706055,60.04999923706055,58.0,58.59999847412109,58.59999847412109,31594,BPL Limited
2023-05-22,58.79999923706055,59.400001525878906,56.400001525878906,57.650001525878906,57.650001525878906,74752,BPL Limited
2023-05-23,57.75,58.900001525878906,57.75,58.150001525878906,58.150001525878906,54023,BPL Limited
2023-05-24,58.0,59.400001525878906,57.75,58.84999847412109,58.84999847412109,46778,BPL Limited
2023-05-25,59.34999847412109,60.75,58.150001525878906,59.650001525878906,59.650001525878906,80837,BPL Limited
2023-05-26,60.04999923706055,60.09999847412109,58.0,58.84999847412109,58.84999847412109,69509,BPL Limited
2023-05-29,58.84999847412109,59.70000076293945,58.20000076293945,58.54999923706055,58.54999923706055,30996,BPL Limited
2023-05-30,60.95000076293945,62.79999923706055,59.09999847412109,59.54999923706055,59.54999923706055,100867,BPL Limited
2023-05-31,59.75,60.900001525878906,58.59999847412109,59.650001525878906,59.650001525878906,80848,BPL Limited
2023-06-01,60.09999847412109,62.0,59.54999923706055,60.20000076293945,60.20000076293945,193708,BPL Limited
2023-06-02,60.25,61.0,59.45000076293945,60.20000076293945,60.20000076293945,61361,BPL Limited
2023-06-05,60.900001525878906,64.19999694824219,60.29999923706055,62.900001525878906,62.900001525878906,446776,BPL Limited
2023-06-06,62.04999923706055,64.9000015258789,62.04999923706055,63.79999923706055,63.79999923706055,216743,BPL Limited
2023-06-07,64.69999694824219,64.69999694824219,62.20000076293945,63.09999847412109,63.09999847412109,127131,BPL Limited
2023-06-08,63.70000076293945,63.70000076293945,61.650001525878906,62.0,62.0,82605,BPL Limited
2023-06-09,62.70000076293945,62.70000076293945,60.84999847412109,60.95000076293945,60.95000076293945,62215,BPL Limited
2023-06-12,61.70000076293945,63.95000076293945,61.0,61.45000076293945,61.45000076293945,182733,BPL Limited
2023-06-13,61.95000076293945,62.5,60.84999847412109,61.25,61.25,85158,BPL Limited
2023-06-14,61.59999847412109,65.94999694824219,61.59999847412109,62.650001525878906,62.650001525878906,282694,BPL Limited
2023-06-15,63.25,63.5,61.79999923706055,62.09999847412109,62.09999847412109,89863,BPL Limited
2023-06-16,62.5,63.0,61.5,61.59999847412109,61.59999847412109,85962,BPL Limited
2023-06-19,62.0,62.45000076293945,60.900001525878906,61.54999923706055,61.54999923706055,48371,BPL Limited
2023-06-20,62.0,62.29999923706055,60.5,60.79999923706055,60.79999923706055,71227,BPL Limited
2023-06-21,60.79999923706055,62.79999923706055,60.650001525878906,60.900001525878906,60.900001525878906,144646,BPL Limited
2023-06-22,60.900001525878906,61.59999847412109,58.95000076293945,59.34999847412109,59.34999847412109,86311,BPL Limited
2023-06-23,59.75,59.84999847412109,58.5,59.150001525878906,59.150001525878906,64764,BPL Limited
2023-06-26,59.900001525878906,59.900001525878906,58.59999847412109,58.900001525878906,58.900001525878906,27791,BPL Limited
2023-06-27,59.45000076293945,61.45000076293945,59.150001525878906,60.150001525878906,60.150001525878906,146820,BPL Limited
2023-06-28,60.79999923706055,61.0,59.34999847412109,59.5,59.5,51149,BPL Limited
2023-06-30,60.0,60.5,59.150001525878906,59.5,59.5,65572,BPL Limited
2023-07-03,61.0,61.0,58.79999923706055,59.0,59.0,78653,BPL Limited
2023-07-04,59.70000076293945,61.79999923706055,58.95000076293945,60.45000076293945,60.45000076293945,186891,BPL Limited
2023-07-05,61.0,61.95000076293945,60.400001525878906,60.75,60.75,110876,BPL Limited
2023-07-06,60.79999923706055,61.29999923706055,60.59999847412109,60.900001525878906,60.900001525878906,65882,BPL Limited
2023-07-07,60.59999847412109,62.0,60.25,60.54999923706055,60.54999923706055,102539,BPL Limited
2023-07-10,60.79999923706055,60.84999847412109,59.20000076293945,59.54999923706055,59.54999923706055,68512,BPL Limited
2023-07-11,59.54999923706055,61.0,59.20000076293945,59.70000076293945,59.70000076293945,93934,BPL Limited
2023-07-12,60.0,60.5,59.45000076293945,59.54999923706055,59.54999923706055,80199,BPL Limited
2023-07-13,60.0,60.34999847412109,58.25,59.150001525878906,59.150001525878906,84098,BPL Limited
2023-07-14,59.75,59.75,58.75,59.0,59.0,66716,BPL Limited
2023-07-17,59.45000076293945,60.400001525878906,59.0,59.400001525878906,59.400001525878906,75035,BPL Limited
2023-07-18,59.75,61.59999847412109,59.150001525878906,60.59999847412109,60.59999847412109,218384,BPL Limited
2023-07-19,60.95000076293945,61.5,60.150001525878906,60.29999923706055,60.29999923706055,104296,BPL Limited
2023-07-20,60.75,61.0,60.04999923706055,60.20000076293945,60.20000076293945,62544,BPL Limited
2023-07-21,60.09999847412109,60.59999847412109,59.5,60.04999923706055,60.04999923706055,68813,BPL Limited
2023-07-24,60.79999923706055,60.79999923706055,59.29999923706055,59.70000076293945,59.70000076293945,60583,BPL Limited
2023-07-25,59.650001525878906,68.0,59.650001525878906,63.5,63.5,1624233,BPL Limited
2023-07-26,63.5,64.44999694824219,62.5,62.95000076293945,62.95000076293945,159418,BPL Limited
2023-07-27,63.29999923706055,63.400001525878906,61.59999847412109,61.75,61.75,118378,BPL Limited
2023-07-28,61.59999847412109,63.75,61.59999847412109,63.20000076293945,63.20000076293945,152791,BPL Limited
2023-07-31,63.29999923706055,65.30000305175781,63.25,64.19999694824219,64.19999694824219,228875,BPL Limited
2023-08-01,65.0999984741211,66.0,63.54999923706055,63.95000076293945,63.95000076293945,190825,BPL Limited
2023-08-02,64.5999984741211,65.75,62.54999923706055,63.0,63.0,212008,BPL Limited
2023-08-03,63.400001525878906,70.69999694824219,63.09999847412109,68.0,68.0,1936276,BPL Limited
2023-08-04,68.69999694824219,71.6500015258789,67.80000305175781,68.3499984741211,68.3499984741211,822652,BPL Limited
2023-08-07,69.8499984741211,71.3499984741211,67.0999984741211,69.4000015258789,69.4000015258789,469932,BPL Limited
2023-08-08,69.9000015258789,70.25,66.94999694824219,67.44999694824219,67.44999694824219,203236,BPL Limited
2023-08-09,67.9000015258789,70.0,67.0999984741211,68.3499984741211,68.3499984741211,235179,BPL Limited
2023-08-10,68.5,69.80000305175781,67.0999984741211,67.30000305175781,67.30000305175781,144676,BPL Limited
2023-08-11,68.05000305175781,68.30000305175781,65.69999694824219,66.3499984741211,66.3499984741211,110327,BPL Limited
2023-08-14,67.0,67.6500015258789,64.9000015258789,65.5,65.5,114912,BPL Limited
2023-08-16,66.3499984741211,67.9000015258789,65.5,66.05000305175781,66.05000305175781,129755,BPL Limited
2023-08-17,66.5,67.80000305175781,66.0999984741211,66.55000305175781,66.55000305175781,75430,BPL Limited
2023-08-18,66.8499984741211,66.94999694824219,63.0,63.400001525878906,63.400001525878906,224797,BPL Limited
2023-08-21,64.1500015258789,66.25,63.95000076293945,64.6500015258789,64.6500015258789,154319,BPL Limited
2023-08-22,65.0,66.69999694824219,64.5999984741211,66.19999694824219,66.19999694824219,116283,BPL Limited
2023-08-23,66.5,67.8499984741211,66.0,66.19999694824219,66.19999694824219,112269,BPL Limited
2023-08-24,66.94999694824219,66.94999694824219,64.55000305175781,64.9000015258789,64.9000015258789,82897,BPL Limited
2023-08-25,64.75,66.5,64.4000015258789,64.8499984741211,64.8499984741211,89237,BPL Limited
2023-08-28,65.3499984741211,68.94999694824219,65.0,67.8499984741211,67.8499984741211,384759,BPL Limited
2023-08-29,69.0,72.1500015258789,68.4000015258789,70.4000015258789,70.4000015258789,1103426,BPL Limited
2023-08-30,70.94999694824219,71.9000015258789,70.0,70.5,70.5,239284,BPL Limited
2023-08-31,71.1500015258789,71.30000305175781,69.25,69.9000015258789,69.9000015258789,203970,BPL Limited
2023-09-01,71.5,75.80000305175781,70.0999984741211,73.9000015258789,73.9000015258789,1224190,BPL Limited
2023-09-04,74.55000305175781,76.9000015258789,74.44999694824219,75.4000015258789,75.4000015258789,409507,BPL Limited
2023-09-05,75.94999694824219,75.94999694824219,72.30000305175781,72.94999694824219,72.94999694824219,303818,BPL Limited
2023-09-06,73.0,74.80000305175781,71.0,72.5,72.5,290561,BPL Limited
2023-09-07,72.94999694824219,74.4000015258789,72.05000305175781,73.4000015258789,73.4000015258789,161164,BPL Limited
2023-09-08,74.0999984741211,74.4000015258789,72.0,72.4000015258789,72.4000015258789,135569,BPL Limited
2023-09-11,73.5,75.44999694824219,71.25,73.69999694824219,73.69999694824219,351275,BPL Limited
2023-09-12,74.80000305175781,75.44999694824219,68.05000305175781,68.94999694824219,68.94999694824219,357745,BPL Limited
2023-09-13,69.6500015258789,75.44999694824219,67.55000305175781,73.19999694824219,73.19999694824219,419433,BPL Limited
2023-09-14,73.9000015258789,75.19999694824219,72.80000305175781,73.4000015258789,73.4000015258789,233397,BPL Limited
2023-09-15,73.55000305175781,88.05000305175781,73.55000305175781,88.05000305175781,88.05000305175781,7304479,BPL Limited
2023-09-18,89.94999694824219,90.8000030517578,83.0,83.6500015258789,83.6500015258789,3725698,BPL Limited
2023-09-20,83.0,85.5999984741211,80.0,80.55000305175781,80.55000305175781,1116527,BPL Limited
2023-09-21,80.75,82.30000305175781,77.5,78.9000015258789,78.9000015258789,645508,BPL Limited
2023-09-22,79.0,83.9000015258789,77.8499984741211,82.3499984741211,82.3499984741211,598441,BPL Limited
2023-09-25,83.0,85.8499984741211,82.0999984741211,82.6500015258789,82.6500015258789,548756,BPL Limited
2023-09-26,82.94999694824219,83.5999984741211,79.69999694824219,80.44999694824219,80.44999694824219,180520,BPL Limited
2023-09-27,80.69999694824219,81.5,78.9000015258789,79.3499984741211,79.3499984741211,145785,BPL Limited
2023-09-28,79.80000305175781,88.94999694824219,79.55000305175781,84.6500015258789,84.6500015258789,2108204,BPL Limited
2023-09-29,85.69999694824219,85.8499984741211,83.44999694824219,84.0,84.0,344126,BPL Limited
2023-10-03,83.94999694824219,84.4000015258789,81.25,82.3499984741211,82.3499984741211,245816,BPL Limited
2023-10-04,82.4000015258789,83.4000015258789,78.5,80.05000305175781,80.05000305175781,336228,BPL Limited
2023-10-05,80.5,81.80000305175781,79.3499984741211,80.1500015258789,80.1500015258789,177750,BPL Limited
2023-10-06,80.80000305175781,83.44999694824219,80.25,82.05000305175781,82.05000305175781,357420,BPL Limited
2023-10-09,82.0,82.0,74.3499984741211,75.6500015258789,75.6500015258789,373480,BPL Limited
2023-10-10,76.0999984741211,78.5,76.0999984741211,77.9000015258789,77.9000015258789,211514,BPL Limited
2023-10-11,78.5,82.6500015258789,78.5,81.30000305175781,81.30000305175781,335963,BPL Limited
2023-10-12,81.30000305175781,82.5999984741211,79.75,80.55000305175781,80.55000305175781,132299,BPL Limited
2023-10-13,80.0,87.4000015258789,79.0,85.5,85.5,977395,BPL Limited
2023-10-16,85.5,91.5999984741211,84.5999984741211,88.44999694824219,88.44999694824219,1451256,BPL Limited
2023-10-17,89.44999694824219,91.4000015258789,87.0999984741211,87.75,87.75,789409,BPL Limited
2023-10-18,88.05000305175781,88.5,84.80000305175781,85.5,85.5,389807,BPL Limited
2023-10-19,85.30000305175781,102.5999984741211,84.9000015258789,101.8499984741211,101.8499984741211,5769074,BPL Limited
2023-10-20,98.9499969482422,102.5,93.0999984741211,94.0999984741211,94.0999984741211,1772642,BPL Limited
2023-10-23,93.9000015258789,95.6999969482422,83.19999694824219,84.75,84.75,1074435,BPL Limited
2023-10-25,83.0,87.69999694824219,80.55000305175781,80.80000305175781,80.80000305175781,198322,BPL Limited
2023-10-26,80.80000305175781,81.6500015258789,76.80000305175781,80.94999694824219,80.94999694824219,165296,BPL Limited
2023-10-27,82.75,84.75,80.94999694824219,83.94999694824219,83.94999694824219,106726,BPL Limited
2023-10-30,84.0,87.5,83.0,84.3499984741211,84.3499984741211,107008,BPL Limited
2023-10-31,85.75,86.6500015258789,81.0,82.55000305175781,82.55000305175781,108290,BPL Limited
2023-11-01,83.0,83.80000305175781,81.5999984741211,82.19999694824219,82.19999694824219,52119,BPL Limited
2023-11-02,82.75,84.9000015258789,81.5,82.6500015258789,82.6500015258789,72214,BPL Limited
2023-11-03,82.75,84.9000015258789,81.55000305175781,82.3499984741211,82.3499984741211,72812,BPL Limited
2023-11-06,82.3499984741211,84.30000305175781,82.0999984741211,83.1500015258789,83.1500015258789,53051,BPL Limited
2023-11-07,83.9000015258789,83.94999694824219,80.6500015258789,81.6500015258789,81.6500015258789,115534,BPL Limited
2023-11-08,82.0,82.5999984741211,80.0,81.3499984741211,81.3499984741211,77074,BPL Limited
2023-11-09,82.44999694824219,82.44999694824219,80.30000305175781,81.4000015258789,81.4000015258789,46597,BPL Limited
2023-11-10,81.4000015258789,85.44999694824219,78.1500015258789,85.44999694824219,85.44999694824219,119091,BPL Limited
2023-11-13,92.3000030517578,94.1500015258789,88.4000015258789,94.1500015258789,94.1500015258789,393439,BPL Limited
2023-11-15,98.8499984741211,98.8499984741211,95.6500015258789,98.5,98.5,424356,BPL Limited
2023-11-16,96.5500030517578,96.5500030517578,96.5500030517578,96.5500030517578,96.5500030517578,38123,BPL Limited
2023-11-17,94.6500015258789,94.6500015258789,94.6500015258789,94.6500015258789,94.6500015258789,18164,BPL Limited
2023-11-20,92.75,92.75,92.75,92.75,92.75,71557,BPL Limited
2023-11-21,90.9000015258789,90.9000015258789,90.9000015258789,90.9000015258789,90.9000015258789,91385,BPL Limited
2023-11-22,89.0999984741211,89.0999984741211,89.0999984741211,89.0999984741211,89.0999984741211,30110,BPL Limited
2023-11-23,87.3499984741211,88.80000305175781,87.3499984741211,87.3499984741211,87.3499984741211,66482,BPL Limited
2023-11-24,85.9000015258789,87.3499984741211,85.9000015258789,85.9000015258789,85.9000015258789,43384,BPL Limited
2023-11-28,87.5999984741211,87.5999984741211,85.9000015258789,87.5999984741211,87.5999984741211,55170,BPL Limited
2023-11-29,87.5999984741211,89.1500015258789,87.5999984741211,87.5999984741211,87.5999984741211,38637,BPL Limited
2023-11-30,87.94999694824219,89.3499984741211,87.94999694824219,87.94999694824219,87.94999694824219,29707,BPL Limited
2023-12-01,86.19999694824219,87.94999694824219,86.19999694824219,86.19999694824219,86.19999694824219,15633,BPL Limited
2023-12-04,85.0,86.0,85.0,85.0,85.0,36726,BPL Limited
2023-12-05,83.30000305175781,85.0,83.30000305175781,83.30000305175781,83.30000305175781,33441,BPL Limited
2023-12-06,83.30000305175781,83.30000305175781,82.0,83.30000305175781,83.30000305175781,93787,BPL Limited
2023-12-07,81.6500015258789,82.0,81.6500015258789,81.6500015258789,81.6500015258789,50238,BPL Limited
2023-12-08,81.5999984741211,81.6500015258789,81.5,81.5999984741211,81.5999984741211,62716,BPL Limited
2023-12-11,83.19999694824219,83.19999694824219,82.0,83.19999694824219,83.19999694824219,61602,BPL Limited
2023-12-12,84.8499984741211,84.8499984741211,84.69999694824219,84.8499984741211,84.8499984741211,39729,BPL Limited
2023-12-13,86.5,86.5,86.5,86.5,86.5,56364,BPL Limited
2023-12-14,88.0,88.19999694824219,88.0,88.0,88.0,106209,BPL Limited
2023-12-15,86.25,87.5,86.25,86.25,86.25,44475,BPL Limited
2023-12-18,84.55000305175781,85.0,84.55000305175781,84.55000305175781,84.55000305175781,27724,BPL Limited
2023-12-19,83.5,85.0,83.25,83.5,83.5,14666,BPL Limited
2023-12-20,81.8499984741211,83.5,81.8499984741211,81.8499984741211,81.8499984741211,34085,BPL Limited
2023-12-21,81.05000305175781,81.4000015258789,80.5999984741211,81.05000305175781,81.05000305175781,18314,BPL Limited
2023-12-22,82.6500015258789,82.6500015258789,81.0999984741211,82.6500015258789,82.6500015258789,46410,BPL Limited
2023-12-26,85.4000015258789,86.75,85.0,86.75,86.75,86530,BPL Limited
2023-12-27,88.80000305175781,90.0,85.0,85.4000015258789,85.4000015258789,122426,BPL Limited
2023-12-28,83.6500015258789,86.69999694824219,83.5,83.69999694824219,83.69999694824219,91365,BPL Limited
2023-12-29,84.4000015258789,86.0,82.19999694824219,85.05000305175781,85.05000305175781,77187,BPL Limited
2024-01-01,85.9000015258789,86.75,84.0999984741211,85.75,85.75,40831,BPL Limited
2024-01-02,86.9000015258789,86.9000015258789,83.0,85.80000305175781,85.80000305175781,80757,BPL Limited
2024-01-03,86.0,88.9000015258789,84.05000305175781,88.5,88.5,143449,BPL Limited
2024-01-04,90.5,91.9000015258789,89.0,90.4000015258789,90.4000015258789,138697,BPL Limited
2024-01-05,91.0,94.9000015258789,90.4000015258789,94.9000015258789,94.9000015258789,244490,BPL Limited
2024-01-08,97.1999969482422,97.4499969482422,90.75,91.8499984741211,91.8499984741211,124552,BPL Limited
2024-01-09,91.8499984741211,94.9499969482422,90.0,90.6500015258789,90.6500015258789,71227,BPL Limited
2024-01-10,90.6500015258789,91.0,88.0,88.69999694824219,88.69999694824219,139874,BPL Limited
2024-01-11,90.0,93.0,86.80000305175781,92.0,92.0,139844,BPL Limited
2024-01-12,93.0,93.0,91.0,92.6999969482422,92.6999969482422,106921,BPL Limited
2024-01-15,92.6999969482422,92.9000015258789,89.5999984741211,90.1999969482422,90.1999969482422,111787,BPL Limited
2024-01-16,91.0,91.3499984741211,86.0,88.4000015258789,88.4000015258789,98754,BPL Limited
2024-01-17,88.0,88.25,86.0,86.5,86.5,64155,BPL Limited
2024-01-18,85.0,88.44999694824219,83.69999694824219,86.69999694824219,86.69999694824219,47035,BPL Limited
2024-01-19,89.80000305175781,91.0,89.0,91.0,91.0,136087,BPL Limited
2024-01-23,88.6500015258789,91.0,85.0999984741211,85.5999984741211,85.5999984741211,72132,BPL Limited
2024-01-24,84.5,89.5,84.5,88.5999984741211,88.5999984741211,102547,BPL Limited
2024-01-25,91.5,93.0,88.0,92.1500015258789,92.1500015258789,144687,BPL Limited
2024-01-29,98.0,110.5500030517578,98.0,110.5500030517578,110.5500030517578,2251325,BPL Limited
2024-01-30,115.0500030517578,123.8499984741211,108.6500015258789,115.75,115.75,3044635,BPL Limited
2024-01-31,115.8499984741211,117.0,111.0500030517578,113.3000030517578,113.3000030517578,487625,BPL Limited
2024-02-01,114.5500030517578,115.0999984741211,108.0500030517578,109.6999969482422,109.6999969482422,317556,BPL Limited
2024-02-02,112.8000030517578,127.5,112.1999969482422,119.6500015258789,119.6500015258789,1686527,BPL Limited
2024-02-05,121.5,121.75,115.8000030517578,117.9499969482422,117.9499969482422,352887,BPL Limited
2024-02-06,118.9000015258789,119.0,112.0999984741211,113.8499984741211,113.8499984741211,241001,BPL Limited
2024-02-07,114.5,119.6999969482422,114.5,115.6500015258789,115.6500015258789,191094,BPL Limited
2024-02-08,116.0,117.0,111.0500030517578,112.3000030517578,112.3000030517578,162729,BPL Limited
2024-02-09,113.0999984741211,116.0,105.9000015258789,109.25,109.25,359127,BPL Limited
2024-02-12,110.0,111.9000015258789,100.4499969482422,106.3000030517578,106.3000030517578,371758,BPL Limited
2024-02-13,107.1500015258789,110.8000030517578,99.0,105.6500015258789,105.6500015258789,355937,BPL Limited
2024-02-14,95.0,102.6999969482422,95.0,99.9499969482422,99.9499969482422,669517,BPL Limited
2024-02-15,99.9000015258789,107.0,99.9000015258789,105.0500030517578,105.0500030517578,381316,BPL Limited
2024-02-16,105.4499969482422,110.3000030517578,102.3000030517578,108.0,108.0,501587,BPL Limited
2024-02-19,108.0,112.6500015258789,107.3499984741211,108.0,108.0,236971,BPL Limited
2024-02-20,108.0,109.8000030517578,104.0,104.8499984741211,104.8499984741211,238417,BPL Limited
2024-02-21,105.4499969482422,107.0,100.0,100.6999969482422,100.6999969482422,320971,BPL Limited
2024-02-22,101.0,103.3000030517578,98.25,102.1500015258789,102.1500015258789,198384,BPL Limited
2024-02-23,101.6500015258789,107.0,101.1500015258789,103.3499984741211,103.3499984741211,265417,BPL Limited
2024-02-26,104.0,106.5,101.0999984741211,104.5999984741211,104.5999984741211,211377,BPL Limited
2024-02-27,104.5999984741211,107.8499984741211,101.0,101.5999984741211,101.5999984741211,216291,BPL Limited
2024-02-28,102.0999984741211,104.25,94.8000030517578,96.5,96.5,488816,BPL Limited
2024-02-29,96.0,103.75,94.9499969482422,100.6500015258789,100.6500015258789,380056,BPL Limited
2024-03-01,101.5,103.4000015258789,99.0,99.5,99.5,175236,BPL Limited
2024-03-04,100.0500030517578,101.3499984741211,97.1999969482422,97.9499969482422,97.9499969482422,108929,BPL Limited
2024-03-05,98.4499969482422,99.8000030517578,95.9000015258789,96.5,96.5,102416,BPL Limited
2024-03-06,97.0999984741211,97.9499969482422,92.0,94.25,94.25,229140,BPL Limited
2024-03-07,95.1999969482422,96.3000030517578,94.1999969482422,95.0999984741211,95.0999984741211,80756,BPL Limited
2024-03-11,95.1999969482422,95.9499969482422,90.6999969482422,91.3000030517578,91.3000030517578,134082,BPL Limited
2024-03-12,92.1999969482422,92.1999969482422,85.0,86.1500015258789,86.1500015258789,226905,BPL Limited
2024-03-13,86.1500015258789,87.80000305175781,79.05000305175781,80.0,80.0,273878,BPL Limited
2024-03-14,80.9000015258789,85.5,79.80000305175781,84.5,84.5,146008,BPL Limited
2024-03-15,85.3499984741211,86.94999694824219,82.1500015258789,84.5,84.5,140417,BPL Limited
2024-03-18,83.75,87.0,83.0999984741211,84.4000015258789,84.4000015258789,69541,BPL Limited
2024-03-19,84.1500015258789,84.9000015258789,81.0999984741211,81.80000305175781,81.80000305175781,226113,BPL Limited
2024-03-20,82.0,97.1999969482422,82.0,93.8000030517578,93.8000030517578,4723324,BPL Limited
2024-03-21,90.1500015258789,91.6999969482422,87.1500015258789,89.9000015258789,89.9000015258789,1186737,BPL Limited
2024-03-22,90.8000030517578,93.5999984741211,89.30000305175781,89.94999694824219,89.94999694824219,478538,BPL Limited
2024-03-26,90.8499984741211,91.3000030517578,87.55000305175781,89.44999694824219,89.44999694824219,230244,BPL Limited
2024-03-27,90.5,93.0,88.0999984741211,89.30000305175781,89.30000305175781,364434,BPL Limited
2024-03-28,89.44999694824219,90.4000015258789,87.0,87.69999694824219,87.69999694824219,283278,BPL Limited
2024-04-01,89.19999694824219,93.9000015258789,88.69999694824219,92.0500030517578,92.0500030517578,261149,BPL Limited
2024-04-02,93.0999984741211,106.6500015258789,92.0,102.6999969482422,102.6999969482422,3764561,BPL Limited
2024-04-03,103.0,104.8000030517578,99.1999969482422,101.5,101.5,617390,BPL Limited
2024-04-04,102.8499984741211,102.8499984741211,98.9499969482422,100.25,100.25,272917,BPL Limited
2024-04-05,100.3000030517578,102.4000015258789,98.5999984741211,100.1999969482422,100.1999969482422,188193,BPL Limited
2024-04-08,101.6999969482422,106.4000015258789,99.6999969482422,103.25,103.25,649650,BPL Limited
2024-04-09,104.1999969482422,104.1999969482422,99.3000030517578,100.0,100.0,170137,BPL Limited
2024-04-10,100.9000015258789,101.9499969482422,99.0500030517578,99.9000015258789,99.9000015258789,145674,BPL Limited
2024-04-12,99.5999984741211,100.4499969482422,98.0,98.4000015258789,98.4000015258789,161376,BPL Limited
2024-04-15,96.0999984741211,101.4000015258789,93.0,95.75,95.75,320876,BPL Limited
2024-04-16,95.75,98.9499969482422,95.75,98.3000030517578,98.3000030517578,162974,BPL Limited
2024-04-18,98.3000030517578,101.75,97.25,97.5500030517578,97.5500030517578,199371,BPL Limited
2024-04-19,96.9000015258789,98.8499984741211,95.0,97.0999984741211,97.0999984741211,175660,BPL Limited
2024-04-22,97.6500015258789,102.0,97.4000015258789,99.4499969482422,99.4499969482422,198260,BPL Limited
2024-04-23,101.0,101.6999969482422,98.75,99.0999984741211,99.0999984741211,109233,BPL Limited
2024-04-24,100.0999984741211,105.9000015258789,99.6999969482422,102.3000030517578,102.3000030517578,580909,BPL Limited
2024-04-25,102.3000030517578,106.1500015258789,101.5,103.75,103.75,369133,BPL Limited
2024-04-26,104.0999984741211,118.5999984741211,104.0,112.0500030517578,112.0500030517578,4283113,BPL Limited
2024-04-29,112.5,114.25,106.0500030517578,107.5,107.5,1013764,BPL Limited
2024-04-30,107.0,111.75,106.0,109.0999984741211,109.0999984741211,638133,BPL Limited
2024-05-02,110.25,110.25,105.1500015258789,105.9499969482422,105.9499969482422,283634,BPL Limited
2024-05-03,106.8000030517578,109.0,104.5500030517578,107.8000030517578,107.8000030517578,314686,BPL Limited
2024-05-06,108.8000030517578,108.8000030517578,102.0,104.4499969482422,104.4499969482422,278221,BPL Limited
2024-05-07,104.8000030517578,104.8000030517578,100.0,101.3000030517578,101.3000030517578,191796,BPL Limited
2024-05-08,102.8000030517578,103.5,100.5,101.6999969482422,101.6999969482422,144172,BPL Limited
2024-05-09,102.0,102.8499984741211,99.4499969482422,100.0,100.0,103502,BPL Limited
2024-05-10,100.0500030517578,101.5,98.1999969482422,100.1999969482422,100.1999969482422,162720,BPL Limited
2024-05-13,100.5,102.0500030517578,97.0999984741211,99.4499969482422,99.4499969482422,207741,BPL Limited
2024-05-14,99.1500015258789,102.0,99.1500015258789,101.1500015258789,101.1500015258789,92312,BPL Limited
2024-05-15,102.6500015258789,109.6999969482422,102.0500030517578,106.75,106.75,761145,BPL Limited
2024-05-16,107.25,111.6999969482422,106.3499984741211,107.5999984741211,107.5999984741211,494930,BPL Limited
2024-05-17,107.5500030517578,109.4499969482422,106.25,106.75,106.75,224520,BPL Limited
2024-05-21,107.75,108.5500030517578,102.1999969482422,103.9499969482422,103.9499969482422,312987,BPL Limited
2024-05-22,104.9499969482422,105.25,102.25,104.5,104.5,148783,BPL Limited
2024-05-23,105.3499984741211,106.0999984741211,104.5,105.3499984741211,105.3499984741211,179964,BPL Limited
2024-05-24,105.4499969482422,106.5,103.5,104.25,104.25,160975,BPL Limited
2024-05-27,101.0500030517578,101.8499984741211,97.1500015258789,98.6999969482422,98.6999969482422,492411,BPL Limited
2024-05-28,99.6999969482422,100.0,96.5,98.3000030517578,98.3000030517578,120443,BPL Limited
2024-05-29,99.0,99.0,97.4000015258789,98.0,98.0,72643,BPL Limited
2024-05-30,98.0500030517578,99.5999984741211,94.0500030517578,94.9499969482422,94.9499969482422,160493,BPL Limited
2024-05-31,93.4499969482422,96.4499969482422,92.5500030517578,94.5,94.5,184702,BPL Limited
2024-06-03,96.4000015258789,99.0,95.3000030517578,96.0,96.0,221309,BPL Limited
2024-06-04,94.1500015258789,94.9499969482422,87.5999984741211,89.4000015258789,89.4000015258789,374477,BPL Limited
2024-06-05,90.9499969482422,94.3499984741211,87.5,93.25,93.25,154343,BPL Limited
2024-06-06,94.6500015258789,97.1500015258789,94.0,96.0500030517578,96.0500030517578,176547,BPL Limited
2024-06-07,97.0,101.5,96.0999984741211,99.75,99.75,499406,BPL Limited
2024-06-10,101.0,105.58999633789062,97.30999755859376,103.86000061035156,103.86000061035156,683263,BPL Limited
2024-06-11,104.6500015258789,105.5,103.0,103.51000213623048,103.51000213623048,187401,BPL Limited
2024-06-12,104.75,105.3000030517578,103.12999725341795,103.93000030517578,103.93000030517578,149480,BPL Limited
2024-06-13,104.5,104.58000183105467,101.61000061035156,102.76000213623048,102.76000213623048,186357,BPL Limited
2024-06-14,102.5,108.0,102.5,105.08000183105467,105.08000183105467,574601,BPL Limited
2024-06-18,105.5,107.66999816894533,104.62000274658205,105.25,105.25,362721,BPL Limited
2024-06-19,105.4000015258789,106.5,102.6500015258789,105.11000061035156,105.11000061035156,290612,BPL Limited
2024-06-20,105.0500030517578,121.9000015258789,105.0,116.3000030517578,116.3000030517578,5645929,BPL Limited
2024-06-21,116.9000015258789,132.0500030517578,115.5,127.54000091552734,127.54000091552734,6983671,BPL Limited
2024-06-24,128.89999389648438,138.99000549316406,128.5,132.6199951171875,132.6199951171875,3564754,BPL Limited
2024-06-25,133.89999389648438,134.64999389648438,124.9000015258789,126.0500030517578,126.0500030517578,1279975,BPL Limited
2024-06-26,126.9499969482422,135.0,123.58999633789062,131.61000061035156,131.61000061035156,927298,BPL Limited
2024-06-27,132.60000610351562,136.5,127.3499984741211,128.52000427246094,128.52000427246094,972256,BPL Limited
2024-06-28,129.6999969482422,130.88999938964844,124.4000015258789,128.5,128.5,290963,BPL Limited
2024-07-01,129.35000610351562,142.0,126.58000183105467,139.6999969482422,139.6999969482422,1338323,BPL Limited
2024-07-02,141.0,141.58999633789062,131.60000610351562,135.25,135.25,617935,BPL Limited
2024-07-03,135.99000549316406,137.8000030517578,131.75,133.10000610351562,133.10000610351562,372389,BPL Limited
2024-07-04,134.0,140.13999938964844,133.35000610351562,133.64999389648438,133.64999389648438,560946,BPL Limited
2024-07-05,134.5,136.0,131.36000061035156,135.1999969482422,135.1999969482422,461634,BPL Limited
2024-07-08,136.38999938964844,137.2899932861328,131.3000030517578,134.02999877929688,134.02999877929688,327232,BPL Limited
2024-07-09,135.10000610351562,139.60000610351562,130.77999877929688,132.6699981689453,132.6699981689453,529464,BPL Limited
2024-07-10,133.3000030517578,134.0500030517578,125.70999908447266,130.3000030517578,130.3000030517578,340685,BPL Limited
2024-07-11,132.0,146.5,129.9600067138672,141.19000244140625,141.19000244140625,1733281,BPL Limited
2024-07-12,142.38999938964844,142.4499969482422,136.0,137.00999450683594,137.00999450683594,655521,BPL Limited
2024-07-15,139.0,147.85000610351562,132.00999450683594,142.24000549316406,142.24000549316406,1505073,BPL Limited
2024-07-16,143.9499969482422,144.8000030517578,135.1199951171875,136.13999938964844,136.13999938964844,271182,BPL Limited
2024-07-18,136.5,137.7899932861328,131.39999389648438,132.83999633789062,132.83999633789062,121809,BPL Limited
2024-07-19,132.89999389648438,132.89999389648438,126.19000244140624,126.19000244140624,126.19000244140624,140707,BPL Limited
2024-07-22,127.5,129.50999450683594,119.87999725341795,127.9499969482422,127.9499969482422,155112,BPL Limited
2024-07-23,128.9499969482422,129.75,122.0,124.83999633789062,124.83999633789062,95752,BPL Limited
2024-07-24,128.39999389648438,129.0,124.1500015258789,128.77000427246094,128.77000427246094,86111,BPL Limited
2024-07-25,128.8800048828125,135.0,126.0,132.89999389648438,132.89999389648438,132851,BPL Limited
2024-07-26,134.99000549316406,134.99000549316406,126.5500030517578,129.4499969482422,129.4499969482422,140915,BPL Limited
2024-07-29,129.6999969482422,132.8699951171875,127.0,130.50999450683594,130.50999450683594,98045,BPL Limited
2024-07-30,130.0,130.0,127.0,128.6300048828125,128.6300048828125,70895,BPL Limited
2024-07-31,128.5,130.0,122.19000244140624,127.56999969482422,127.56999969482422,167200,BPL Limited
2024-08-01,126.0,126.37999725341795,122.0,123.01000213623048,123.01000213623048,180395,BPL Limited
2024-08-02,122.9499969482422,128.85000610351562,119.3499984741211,124.48999786376952,124.48999786376952,87813,BPL Limited
2024-08-05,120.8499984741211,123.9000015258789,118.26000213623048,118.88999938964844,118.88999938964844,143143,BPL Limited
2024-08-06,120.62999725341795,122.6999969482422,113.5,115.62000274658205,115.62000274658205,118969,BPL Limited
2024-08-07,116.04000091552734,118.0,115.0,116.44000244140624,116.44000244140624,79825,BPL Limited
2024-08-08,117.0,118.9499969482422,116.0,116.58000183105467,116.58000183105467,48525,BPL Limited
2024-08-09,117.0,120.9800033569336,117.0,118.62999725341795,118.62999725341795,52984,BPL Limited
2024-08-12,118.6999969482422,119.4499969482422,115.0,116.30999755859376,116.30999755859376,56529,BPL Limited
2024-08-13,122.12000274658205,122.12000274658205,122.12000274658205,122.12000274658205,122.12000274658205,148927,BPL Limited
2024-08-14,127.0,128.1999969482422,118.20999908447266,127.7300033569336,127.7300033569336,346397,BPL Limited
2024-08-16,130.0,130.0,125.0,128.0800018310547,128.0800018310547,104087,BPL Limited
2024-08-19,130.0,130.0,125.0999984741211,126.5199966430664,126.5199966430664,96915,BPL Limited
2024-08-20,128.97999572753906,128.97999572753906,123.0,126.2300033569336,126.2300033569336,62066,BPL Limited
2024-08-21,124.1999969482422,129.4499969482422,124.1999969482422,125.18000030517578,125.18000030517578,122667,BPL Limited
2024-08-22,126.9499969482422,126.9499969482422,121.0,122.62000274658205,122.62000274658205,124777,BPL Limited
2024-08-23,124.5500030517578,128.0,120.5,125.7699966430664,125.7699966430664,133874,BPL Limited
